44921.000000
45787.000000
45511.000000
45671.000000
46291.000000
46008.000000
46511.000000
46241.000000
46052.000000
45814.000000
45543.000000
45416.000000
45291.000000
45218.000000
45169.000000
45083.000000
45026.000000
45014.000000
44918.000000
44808.000000
44732.000000
44691.000000
44643.000000
44593.000000
44579.000000
44512.000000
44470.000000
44472.000000
44473.000000
44476.000000
44484.000000
44560.000000
44584.000000
44453.000000
44373.000000
44342.000000
44319.000000
44309.000000
44263.000000
44214.000000
44235.000000
44258.000000
44295.000000
44269.000000
44294.000000
44290.000000
44222.000000
44153.000000
44194.000000
44195.000000
44192.000000
44178.000000
44181.000000
44182.000000
44194.000000
44219.000000
44231.000000
44236.000000
44286.000000
44275.000000
44216.000000
44201.000000
44232.000000
44232.000000
44255.000000
44256.000000
44274.000000
44271.000000
44292.000000
44274.000000
44241.000000
44273.000000
44265.000000
44225.000000
44237.000000
44297.000000
44338.000000
44360.000000
44349.000000
44256.000000
44144.000000
44131.000000
44135.000000
44134.000000
44116.000000
44092.000000
44011.000000
44016.000000
44023.000000
44081.000000
44109.000000
44116.000000
44112.000000
44142.000000
44178.000000
44231.000000
44190.000000
44188.000000
44189.000000
44109.000000
44064.000000
44073.000000
44061.000000
44077.000000
44069.000000
44093.000000
44126.000000
44130.000000
44163.000000
44158.000000
44144.000000
44125.000000
44087.000000
44083.000000
44082.000000
44105.000000
44101.000000
44119.000000
44073.000000
44060.000000
44060.000000
44075.000000
44056.000000
44054.000000
44054.000000
43975.000000
43922.000000
43913.000000
43884.000000
43844.000000
43810.000000
43804.000000
43809.000000
43784.000000
43779.000000
43799.000000
43835.000000
43865.000000
43868.000000
43849.000000
43808.000000
43722.000000
43693.000000
43694.000000
43670.000000
43662.000000
43678.000000
43705.000000
43661.000000
43667.000000
43695.000000
43663.000000
43656.000000
43672.000000
43649.000000
43641.000000
43647.000000
43587.000000
43504.000000
43487.000000
43490.000000
43501.000000
43519.000000
43514.000000
43509.000000
43522.000000
43535.000000
43519.000000
43515.000000
43497.000000
43499.000000
43530.000000
43529.000000
43528.000000
43466.000000
43409.000000
43385.000000
43405.000000
43394.000000
43414.000000
43395.000000
43392.000000
43428.000000
43405.000000
43405.000000
43420.000000
43424.000000
43429.000000
43440.000000
43431.000000
43453.000000
43411.000000
43351.000000
43311.000000
43320.000000
43315.000000
43328.000000
43335.000000
43347.000000
43352.000000
43342.000000
43364.000000
43359.000000
43359.000000
43393.000000
43405.000000
43379.000000
43414.000000
43386.000000
43305.000000
43263.000000
43279.000000
43306.000000
43324.000000
43329.000000
43339.000000
43313.000000
43328.000000
43352.000000
43351.000000
43325.000000
43360.000000
43356.000000
43314.000000
43281.000000
43216.000000
43218.000000
43244.000000
43250.000000
43226.000000
43242.000000
43231.000000
43226.000000
43252.000000
43253.000000
43264.000000
43264.000000
43272.000000
43256.000000
43251.000000
43185.000000
43162.000000
43149.000000
43136.000000
43203.000000
43200.000000
43214.000000
43224.000000
43219.000000
43220.000000
43241.000000
43261.000000
43245.000000
43231.000000
43255.000000
43189.000000
43132.000000
43129.000000
43145.000000
43181.000000
43176.000000
43166.000000
43182.000000
43181.000000
43201.000000
43205.000000
43192.000000
43210.000000
43212.000000
43213.000000
43210.000000
43130.000000
43101.000000
43091.000000
43113.000000
43112.000000
43121.000000
43101.000000
43121.000000
43132.000000
43128.000000
43111.000000
43140.000000
43142.000000
43145.000000
43135.000000
43092.000000
43009.000000
43006.000000
43000.000000
43001.000000
43040.000000
43009.000000
42996.000000
43019.000000
43016.000000
43027.000000
43047.000000
43075.000000
43116.000000
43124.000000
43194.000000
43194.000000
43066.000000
42958.000000
42954.000000
42940.000000
42957.000000
42951.000000
42928.000000
42922.000000
42932.000000
42939.000000
42942.000000
42965.000000
42952.000000
42934.000000
42940.000000
42954.000000
42942.000000
42941.000000
42840.000000
42829.000000
42799.000000
42806.000000
42833.000000
42817.000000
42826.000000
42819.000000
42820.000000
42837.000000
42850.000000
42851.000000
42854.000000
42855.000000
42864.000000
42862.000000
42840.000000
42771.000000
42735.000000
42759.000000
42750.000000
42748.000000
42751.000000
42743.000000
42769.000000
42764.000000
42791.000000
42792.000000
42787.000000
42803.000000
42798.000000
42817.000000
42819.000000
42821.000000
42810.000000
42699.000000
42721.000000
42713.000000
42714.000000
42726.000000
42730.000000
42736.000000
42749.000000
42760.000000
42760.000000
42770.000000
42773.000000
42781.000000
42798.000000
42808.000000
42818.000000
42843.000000
42813.000000
42729.000000
42695.000000
42712.000000
42719.000000
42721.000000
42716.000000
42723.000000
42713.000000
42729.000000
42744.000000
42765.000000
42754.000000
42780.000000
42792.000000
42788.000000
42796.000000
42767.000000
42701.000000
42675.000000
42686.000000
42697.000000
42700.000000
42711.000000
42690.000000
42710.000000
42712.000000
42731.000000
42724.000000
42740.000000
42739.000000
42757.000000
42756.000000
42693.000000
42649.000000
42634.000000
42662.000000
42679.000000
42678.000000
42666.000000
42694.000000
42708.000000
42715.000000
42719.000000
42738.000000
42754.000000
42736.000000
42683.000000
42644.000000
42647.000000
42656.000000
42659.000000
42688.000000
42678.000000
42671.000000
42673.000000
42691.000000
42730.000000
42719.000000
42742.000000
42735.000000
42677.000000
42657.000000
42636.000000
42656.000000
42670.000000
42679.000000
42679.000000
42682.000000
42690.000000
42710.000000
42720.000000
42734.000000
42745.000000
42699.000000
42655.000000
42644.000000
42642.000000
42641.000000
42649.000000
42652.000000
42643.000000
42671.000000
42687.000000
42684.000000
42688.000000
42673.000000
42683.000000
42667.000000
42591.000000
42562.000000
42538.000000
42555.000000
42555.000000
42552.000000
42528.000000
42554.000000
42550.000000
42560.000000
42579.000000
42607.000000
42592.000000
42585.000000
42615.000000
42597.000000
42512.000000
42473.000000
42483.000000
42495.000000
42502.000000
42505.000000
42529.000000
42518.000000
42549.000000
42560.000000
42575.000000
42588.000000
42604.000000
42597.000000
42609.000000
42629.000000
42585.000000
42512.000000
42498.000000
42491.000000
42504.000000
42527.000000
42536.000000
42508.000000
42502.000000
42540.000000
42556.000000
42567.000000
42558.000000
42574.000000
42600.000000
42600.000000
42586.000000
42499.000000
42466.000000
42465.000000
42496.000000
42515.000000
42499.000000
42508.000000
42505.000000
42527.000000
42538.000000
42545.000000
42563.000000
42579.000000
42566.000000
42572.000000
42606.000000
42582.000000
42517.000000
42487.000000
42477.000000
42494.000000
42510.000000
42521.000000
42503.000000
42490.000000
42515.000000
42546.000000
42534.000000
42537.000000
42546.000000
42571.000000
42558.000000
42584.000000
42577.000000
42541.000000
42467.000000
42447.000000
42467.000000
42476.000000
42498.000000
42485.000000
42501.000000
42496.000000
42502.000000
42514.000000
42543.000000
42542.000000
42532.000000
42552.000000
42576.000000
42581.000000
42542.000000
42462.000000
42449.000000
42451.000000
42482.000000
42470.000000
42473.000000
42502.000000
42483.000000
42517.000000
42523.000000
42511.000000
42529.000000
42519.000000
42535.000000
42554.000000
42493.000000
42442.000000
42439.000000
42458.000000
42472.000000
42474.000000
42486.000000
42457.000000
42485.000000
42501.000000
42536.000000
42546.000000
42543.000000
42596.000000
42606.000000
42516.000000
42500.000000
42504.000000
42508.000000
42515.000000
42518.000000
42484.000000
42497.000000
42501.000000
42524.000000
42542.000000
42550.000000
42565.000000
42564.000000
42520.000000
42455.000000
42455.000000
42491.000000
42487.000000
42485.000000
42479.000000
42526.000000
42536.000000
42595.000000
42623.000000
42593.000000
42609.000000
42638.000000
42568.000000
42516.000000
42530.000000
42542.000000
42546.000000
42573.000000
42561.000000
42531.000000
42528.000000
42552.000000
42569.000000
42578.000000
42591.000000
42603.000000
42608.000000
42490.000000
42466.000000
42470.000000
42502.000000
42514.000000
42492.000000
42499.000000
42504.000000
42497.000000
42520.000000
42530.000000
42536.000000
42517.000000
42474.000000
42399.000000
42383.000000
42394.000000
42421.000000
42416.000000
42402.000000
42399.000000
42440.000000
42452.000000
42479.000000
42497.000000
42522.000000
42499.000000
42436.000000
42403.000000
42404.000000
42444.000000
42449.000000
42460.000000
42454.000000
42461.000000
42480.000000
42477.000000
42489.000000
42509.000000
42443.000000
42378.000000
42383.000000
42398.000000
42429.000000
42423.000000
42389.000000
42421.000000
42433.000000
42425.000000
42452.000000
42452.000000
42470.000000
42380.000000
42322.000000
42327.000000
42341.000000
42359.000000
42385.000000
42385.000000
42387.000000
42397.000000
42416.000000
42399.000000
42418.000000
42370.000000
42291.000000
42307.000000
42322.000000
42359.000000
42359.000000
42358.000000
42371.000000
42372.000000
42398.000000
42407.000000
42403.000000
42399.000000
42293.000000
42291.000000
42288.000000
42295.000000
42342.000000
42307.000000
42322.000000
42351.000000
42347.000000
42371.000000
42383.000000
42391.000000
42382.000000
42283.000000
42250.000000
42221.000000
42229.000000
42264.000000
42265.000000
42276.000000
42270.000000
42283.000000
42294.000000
42303.000000
42330.000000
42324.000000
42320.000000
42360.000000
42312.000000
42180.000000
42167.000000
42171.000000
42202.000000
42199.000000
42203.000000
42198.000000
42211.000000
42227.000000
42226.000000
42243.000000
42245.000000
42259.000000
42271.000000
42265.000000
42144.000000
42126.000000
42115.000000
42121.000000
42127.000000
42129.000000
42127.000000
42132.000000
42158.000000
42182.000000
42171.000000
42182.000000
42207.000000
42216.000000
42223.000000
42246.000000
42242.000000
42252.000000
42248.000000
42172.000000
42123.000000
42140.000000
42152.000000
42140.000000
42167.000000
42161.000000
42186.000000
42194.000000
42217.000000
42229.000000
42250.000000
42252.000000
42265.000000
42288.000000
42300.000000
42323.000000
42298.000000
42210.000000
42192.000000
42198.000000
42212.000000
42248.000000
42221.000000
42219.000000
42238.000000
42264.000000
42280.000000
42288.000000
42313.000000
42316.000000
42345.000000
42368.000000
42374.000000
42314.000000
42270.000000
42267.000000
42242.000000
42238.000000
42231.000000
42202.000000
42194.000000
42208.000000
42227.000000
42236.000000
42269.000000
42271.000000
42275.000000
42281.000000
42272.000000
42226.000000
42173.000000
42173.000000
42205.000000
42217.000000
42241.000000
42257.000000
42272.000000
42303.000000
42332.000000
42367.000000
42392.000000
42398.000000
42441.000000
42475.000000
42437.000000
42359.000000
42328.000000
42346.000000
42385.000000
42412.000000
42402.000000
42412.000000
42436.000000
42452.000000
42477.000000
42465.000000
42473.000000
42474.000000
42373.000000
42332.000000
42327.000000
42352.000000
42360.000000
42369.000000
42374.000000
42372.000000
42389.000000
42388.000000
42437.000000
42443.000000
42434.000000
42416.000000
42339.000000
42263.000000
42249.000000
42251.000000
42245.000000
42242.000000
42248.000000
42254.000000
42258.000000
42286.000000
42316.000000
42316.000000
42343.000000
42386.000000
42309.000000
42256.000000
42223.000000
42226.000000
42226.000000
42249.000000
42249.000000
42255.000000
42266.000000
42285.000000
42305.000000
42325.000000
42363.000000
42374.000000
42371.000000
42388.000000
42370.000000
42342.000000
42215.000000
42162.000000
42179.000000
42198.000000
42206.000000
42213.000000
42195.000000
42204.000000
42228.000000
42226.000000
42233.000000
42227.000000
42251.000000
42259.000000
42263.000000
42265.000000
42275.000000
42221.000000
42146.000000
42105.000000
42117.000000
42110.000000
42151.000000
42156.000000
42164.000000
42161.000000
42163.000000
42172.000000
42184.000000
42199.000000
42216.000000
42219.000000
42232.000000
42245.000000
42257.000000
42254.000000
42255.000000
42283.000000
42263.000000
42145.000000
42082.000000
42094.000000
42082.000000
42106.000000
42108.000000
42122.000000
42127.000000
42142.000000
42139.000000
42166.000000
42178.000000
42182.000000
42189.000000
42232.000000
42221.000000
42234.000000
42244.000000
42257.000000
42273.000000
42214.000000
42134.000000
42129.000000
42136.000000
42147.000000
42149.000000
42141.000000
42154.000000
42161.000000
42173.000000
42190.000000
42199.000000
42195.000000
42228.000000
42249.000000
42237.000000
42239.000000
42239.000000
42145.000000
42081.000000
42087.000000
42083.000000
42091.000000
42125.000000
42116.000000
42098.000000
42117.000000
42126.000000
42143.000000
42160.000000
42151.000000
42157.000000
42164.000000
42138.000000
42091.000000
42019.000000
42005.000000
42009.000000
42034.000000
42055.000000
42027.000000
42029.000000
42026.000000
42054.000000
42081.000000
42076.000000
42081.000000
42101.000000
42086.000000
42009.000000
42004.000000
41993.000000
41996.000000
42016.000000
41979.000000
41989.000000
42017.000000
42024.000000
42046.000000
42051.000000
42064.000000
42052.000000
42058.000000
41967.000000
41912.000000
41908.000000
41924.000000
41950.000000
41929.000000
41941.000000
41943.000000
41951.000000
41977.000000
41996.000000
41997.000000
41988.000000
41997.000000
42041.000000
42003.000000
41915.000000
41890.000000
41905.000000
41888.000000
41903.000000
41895.000000
41890.000000
41898.000000
41899.000000
41916.000000
41914.000000
41923.000000
41921.000000
41935.000000
41977.000000
41984.000000
41961.000000
41864.000000
41829.000000
41813.000000
41836.000000
41838.000000
41827.000000
41818.000000
41818.000000
41829.000000
41833.000000
41831.000000
41843.000000
41834.000000
41838.000000
41856.000000
41864.000000
41868.000000
41879.000000
41886.000000
41894.000000
41914.000000
41919.000000
41934.000000
41939.000000
41825.000000
41767.000000
41758.000000
41768.000000
41759.000000
41762.000000
41761.000000
41752.000000
41775.000000
41789.000000
41780.000000
41826.000000
41821.000000
41840.000000
41867.000000
41881.000000
41892.000000
41907.000000
41945.000000
41906.000000
41807.000000
41739.000000
41751.000000
41758.000000
41742.000000
41757.000000
41750.000000
41759.000000
41770.000000
41774.000000
41802.000000
41805.000000
41799.000000
41801.000000
41813.000000
41829.000000
41823.000000
41827.000000
41746.000000
41669.000000
41665.000000
41699.000000
41677.000000
41687.000000
41664.000000
41682.000000
41677.000000
41708.000000
41720.000000
41735.000000
41736.000000
41743.000000
41743.000000
41764.000000
41693.000000
41694.000000
41684.000000
41489.000000
41590.000000
41974.000000
42119.000000
42204.000000
42194.000000
42115.000000
42099.000000
42094.000000
42100.000000
42116.000000
42116.000000
42142.000000
42120.000000
42142.000000
42156.000000
42182.000000
42185.000000
42178.000000
42147.000000
42027.000000
41969.000000
41992.000000
42035.000000
42031.000000
42026.000000
42022.000000
42041.000000
42067.000000
42068.000000
42077.000000
42094.000000
42106.000000
42094.000000
42107.000000
42109.000000
42121.000000
42036.000000
41951.000000
41932.000000
41942.000000
41953.000000
41967.000000
41958.000000
41968.000000
41972.000000
41979.000000
41990.000000
42000.000000
42005.000000
42005.000000
42020.000000
42050.000000
42073.000000
42001.000000
41913.000000
41909.000000
41919.000000
41894.000000
41870.000000
41824.000000
41814.000000
41836.000000
41844.000000
41842.000000
41859.000000
41879.000000
41873.000000
41873.000000
41888.000000
41891.000000
41789.000000
41698.000000
41729.000000
41728.000000
41729.000000
41762.000000
41753.000000
41750.000000
41762.000000
41794.000000
41820.000000
41805.000000
41827.000000
41844.000000
41847.000000
41879.000000
41899.000000
41874.000000
41758.000000
41696.000000
41711.000000
41722.000000
41726.000000
41739.000000
41744.000000
41735.000000
41759.000000
41768.000000
41772.000000
41785.000000
41794.000000
41794.000000
41804.000000
41803.000000
41800.000000
41712.000000
41640.000000
41609.000000
41614.000000
41627.000000
41625.000000
41627.000000
41633.000000
41642.000000
41663.000000
41690.000000
41697.000000
41696.000000
41698.000000
41734.000000
41738.000000
41736.000000
41744.000000
41751.000000
41781.000000
41706.000000
41587.000000
41556.000000
41567.000000
41574.000000
41576.000000
41575.000000
41569.000000
41601.000000
41636.000000
41624.000000
41639.000000
41650.000000
41680.000000
41678.000000
41694.000000
41706.000000
41723.000000
41755.000000
41747.000000
41781.000000
41819.000000
41782.000000
41654.000000
41611.000000
41617.000000
41669.000000
41645.000000
41661.000000
41651.000000
41672.000000
41672.000000
41669.000000
41715.000000
41701.000000
41703.000000
41698.000000
41751.000000
41733.000000
41732.000000
41746.000000
41731.000000
41612.000000
41559.000000
41562.000000
41563.000000
41573.000000
41580.000000
41572.000000
41600.000000
41625.000000
41648.000000
41657.000000
41684.000000
41672.000000
41717.000000
41714.000000
41746.000000
41764.000000
41767.000000
41738.000000
41627.000000
41568.000000
41594.000000
41597.000000
41613.000000
41610.000000
41604.000000
41603.000000
41660.000000
41643.000000
41671.000000
41685.000000
41704.000000
41705.000000
41722.000000
41752.000000
41781.000000
41814.000000
41801.000000
41679.000000
41621.000000
41618.000000
41641.000000
41652.000000
41669.000000
41682.000000
41676.000000
41695.000000
41719.000000
41740.000000
41759.000000
41744.000000
41756.000000
41778.000000
41779.000000
41800.000000
41796.000000
41732.000000
41609.000000
41595.000000
41593.000000
41635.000000
41622.000000
41633.000000
41616.000000
41635.000000
41662.000000
41687.000000
41664.000000
41683.000000
41697.000000
41728.000000
41703.000000
41730.000000
41681.000000
41558.000000
41552.000000
41553.000000
41587.000000
41580.000000
41569.000000
41585.000000
41591.000000
41618.000000
41622.000000
41640.000000
41654.000000
41663.000000
41681.000000
41693.000000
41718.000000
41684.000000
41581.000000
41544.000000
41553.000000
41569.000000
41589.000000
41609.000000
41600.000000
41609.000000
41643.000000
41668.000000
41676.000000
41689.000000
41706.000000
41704.000000
41716.000000
41730.000000
41712.000000
41614.000000
41556.000000
41556.000000
41559.000000
41586.000000
41594.000000
41561.000000
41587.000000
41565.000000
41610.000000
41622.000000
41581.000000
41618.000000
41619.000000
41640.000000
41660.000000
41676.000000
41579.000000
41490.000000
41459.000000
41466.000000
41487.000000
41482.000000
41497.000000
41485.000000
41496.000000
41504.000000
41516.000000
41542.000000
41547.000000
41560.000000
41585.000000
41603.000000
41628.000000
41640.000000
41640.000000
41651.000000
41496.000000
41452.000000
41462.000000
41453.000000
41444.000000
41449.000000
41467.000000
41466.000000
41487.000000
41524.000000
41543.000000
41556.000000
41574.000000
41579.000000
41597.000000
41639.000000
41652.000000
41663.000000
41682.000000
41696.000000
41714.000000
41624.000000
41500.000000
41511.000000
41542.000000
41528.000000
41534.000000
41523.000000
41534.000000
41552.000000
41597.000000
41575.000000
41586.000000
41591.000000
41598.000000
41626.000000
41624.000000
41621.000000
41633.000000
41638.000000
41603.000000
41465.000000
41449.000000
41438.000000
41464.000000
41475.000000
41472.000000
41464.000000
41485.000000
41524.000000
41541.000000
41525.000000
41565.000000
41585.000000
41570.000000
41605.000000
41609.000000
41630.000000
41640.000000
41615.000000
41499.000000
41439.000000
41451.000000
41456.000000
41478.000000
41481.000000
41490.000000
41489.000000
41529.000000
41554.000000
41558.000000
41579.000000
41586.000000
41613.000000
41634.000000
41657.000000
41664.000000
41689.000000
41690.000000
41572.000000
41487.000000
41508.000000
41518.000000
41529.000000
41547.000000
41510.000000
41533.000000
41558.000000
41580.000000
41589.000000
41573.000000
41577.000000
41583.000000
41610.000000
41602.000000
41626.000000
41600.000000
41480.000000
41420.000000
41431.000000
41426.000000
41456.000000
41460.000000
41448.000000
41442.000000
41510.000000
41542.000000
41586.000000
41634.000000
41640.000000
41663.000000
41674.000000
41670.000000
41666.000000
41593.000000
41470.000000
41444.000000
41457.000000
41467.000000
41494.000000
41491.000000
41480.000000
41463.000000
41479.000000
41501.000000
41513.000000
41524.000000
41526.000000
41518.000000
41545.000000
41535.000000
41568.000000
41513.000000
41410.000000
41385.000000
41398.000000
41422.000000
41447.000000
41426.000000
41411.000000
41428.000000
41449.000000
41486.000000
41499.000000
41519.000000
41519.000000
41526.000000
41544.000000
41556.000000
41546.000000
41431.000000
41342.000000
41352.000000
41380.000000
41394.000000
41423.000000
41415.000000
41394.000000
41408.000000
41423.000000
41431.000000
41458.000000
41457.000000
41488.000000
41485.000000
41495.000000
41509.000000
41532.000000
41446.000000
41342.000000
41319.000000
41353.000000
41348.000000
41359.000000
41389.000000
41358.000000
41381.000000
41409.000000
41414.000000
41419.000000
41417.000000
41420.000000
41452.000000
41477.000000
41492.000000
41497.000000
41532.000000
41554.000000
41448.000000
41357.000000
41351.000000
41371.000000
41400.000000
41414.000000
41409.000000
41440.000000
41468.000000
41514.000000
41536.000000
41522.000000
41535.000000
41554.000000
41566.000000
41558.000000
41569.000000
41588.000000
41580.000000
41563.000000
41431.000000
41383.000000
41381.000000
41384.000000
41395.000000
41382.000000
41379.000000
41395.000000
41412.000000
41448.000000
41452.000000
41467.000000
41482.000000
41539.000000
41556.000000
41557.000000
41592.000000
41564.000000
41400.000000
41343.000000
41345.000000
41353.000000
41366.000000
41389.000000
41374.000000
41383.000000
41406.000000
41413.000000
41425.000000
41455.000000
41476.000000
41479.000000
41463.000000
41497.000000
41521.000000
41525.000000
41387.000000
41333.000000
41317.000000
41347.000000
41375.000000
41379.000000
41355.000000
41378.000000
41383.000000
41409.000000
41439.000000
41434.000000
41452.000000
41461.000000
41483.000000
41516.000000
41518.000000
41427.000000
41330.000000
41307.000000
41340.000000
41361.000000
41371.000000
41362.000000
41382.000000
41386.000000
41433.000000
41455.000000
41457.000000
41473.000000
41474.000000
41485.000000
41500.000000
41506.000000
41390.000000
41323.000000
41315.000000
41325.000000
41348.000000
41352.000000
41354.000000
41353.000000
41369.000000
41392.000000
41394.000000
41402.000000
41404.000000
41410.000000
41422.000000
41432.000000
41346.000000
41268.000000
41275.000000
41289.000000
41305.000000
41308.000000
41329.000000
41350.000000
41356.000000
41371.000000
41383.000000
41415.000000
41429.000000
41423.000000
41451.000000
41472.000000
41431.000000
41315.000000
41305.000000
41325.000000
41349.000000
41333.000000
41326.000000
41326.000000
41325.000000
41325.000000
41355.000000
41386.000000
41456.000000
41553.000000
41670.000000
41748.000000
41722.000000
41617.000000
41637.000000
41722.000000
41723.000000
41738.000000
41685.000000
41581.000000
41521.000000
41477.000000
41448.000000
41437.000000
41421.000000
41411.000000
41441.000000
41444.000000
41472.000000
41372.000000
41286.000000
41267.000000
41279.000000
41273.000000
41266.000000
41264.000000
41258.000000
41253.000000
41276.000000
41262.000000
41283.000000
41288.000000
41301.000000
41310.000000
41326.000000
41337.000000
41366.000000
41367.000000
41343.000000
41193.000000
41181.000000
41196.000000
41203.000000
41218.000000
41233.000000
41205.000000
41238.000000
41263.000000
41259.000000
41271.000000
41292.000000
41289.000000
41324.000000
41326.000000
41348.000000
41358.000000
41342.000000
41242.000000
41169.000000
41199.000000
41182.000000
41218.000000
41201.000000
41210.000000
41209.000000
41242.000000
41254.000000
41266.000000
41279.000000
41287.000000
41313.000000
41321.000000
41314.000000
41370.000000
41336.000000
41201.000000
41161.000000
41173.000000
41181.000000
41203.000000
41194.000000
41201.000000
41196.000000
41219.000000
41250.000000
41257.000000
41263.000000
41287.000000
41289.000000
41308.000000
41333.000000
41360.000000
41308.000000
41199.000000
41164.000000
41185.000000
41214.000000
41242.000000
41245.000000
41234.000000
41259.000000
41269.000000
41303.000000
41335.000000
41324.000000
41325.000000
41356.000000
41387.000000
41399.000000
41301.000000
41220.000000
41219.000000
41252.000000
41287.000000
41289.000000
41286.000000
41298.000000
41302.000000
41332.000000
41359.000000
41370.000000
41382.000000
41370.000000
41385.000000
41384.000000
41270.000000
41190.000000
41211.000000
41206.000000
41234.000000
41242.000000
41211.000000
41234.000000
41279.000000
41289.000000
41309.000000
41320.000000
41342.000000
41324.000000
41356.000000
41320.000000
41186.000000
41166.000000
41173.000000
41215.000000
41232.000000
41225.000000
41233.000000
41231.000000
41274.000000
41277.000000
41309.000000
41323.000000
41331.000000
41356.000000
41369.000000
41292.000000
41197.000000
41191.000000
41201.000000
41234.000000
41249.000000
41221.000000
41207.000000
41236.000000
41251.000000
41264.000000
41267.000000
41274.000000
41296.000000
41295.000000
41294.000000
41174.000000
41155.000000
41144.000000
41174.000000
41197.000000
41167.000000
41154.000000
41171.000000
41202.000000
41208.000000
41220.000000
41241.000000
41248.000000
41262.000000
41255.000000
41180.000000
41081.000000
41075.000000
41094.000000
41103.000000
41116.000000
41093.000000
41103.000000
41116.000000
41118.000000
41132.000000
41132.000000
41146.000000
41183.000000
41181.000000
41092.000000
41038.000000
41065.000000
41059.000000
41086.000000
41081.000000
41156.000000
41220.000000
41220.000000
41266.000000
41268.000000
41241.000000
41172.000000
41210.000000
41476.000000
41703.000000
41879.000000
41780.000000
41644.000000
41536.000000
41459.000000
41410.000000
41325.000000
41226.000000
41170.000000
41167.000000
41184.000000
41218.000000
41217.000000
41242.000000
41231.000000
41258.000000
41263.000000
41281.000000
41305.000000
41308.000000
41354.000000
41357.000000
41295.000000
41129.000000
41061.000000
41060.000000
41062.000000
41083.000000
41074.000000
41044.000000
41063.000000
41103.000000
41136.000000
41148.000000
41132.000000
41151.000000
41188.000000
41209.000000
41236.000000
41244.000000
41235.000000
41098.000000
41000.000000
40998.000000
40980.000000
41000.000000
40995.000000
40988.000000
40991.000000
41021.000000
41048.000000
41049.000000
41076.000000
41078.000000
41105.000000
41120.000000
41147.000000
41169.000000
41156.000000
41035.000000
40963.000000
40948.000000
40947.000000
40977.000000
40979.000000
40980.000000
40974.000000
40998.000000
41004.000000
41038.000000
41053.000000
41074.000000
41081.000000
41112.000000
41141.000000
41156.000000
41117.000000
40963.000000
40944.000000
40957.000000
40993.000000
41004.000000
41013.000000
41016.000000
41001.000000
41015.000000
41051.000000
41052.000000
41047.000000
41058.000000
41084.000000
41107.000000
41055.000000
40910.000000
40896.000000
40899.000000
40907.000000
40927.000000
40916.000000
40888.000000
40914.000000
40956.000000
40950.000000
40988.000000
40980.000000
40990.000000
41022.000000
41046.000000
41021.000000
40883.000000
40865.000000
40868.000000
40860.000000
40889.000000
40872.000000
40864.000000
40875.000000
40914.000000
40915.000000
40949.000000
40946.000000
40973.000000
40989.000000
41007.000000
41024.000000
41017.000000
40908.000000
40826.000000
40841.000000
40853.000000
40878.000000
40858.000000
40855.000000
40858.000000
40879.000000
40899.000000
40928.000000
40907.000000
40926.000000
40925.000000
40955.000000
40985.000000
41006.000000
40968.000000
40847.000000
40800.000000
40801.000000
40792.000000
40823.000000
40814.000000
40815.000000
40833.000000
40847.000000
40862.000000
40883.000000
40894.000000
40895.000000
40922.000000
40943.000000
40952.000000
40990.000000
41018.000000
40976.000000
40833.000000
40803.000000
40802.000000
40804.000000
40812.000000
40802.000000
40778.000000
40818.000000
40843.000000
40848.000000
40866.000000
40864.000000
40872.000000
40889.000000
40923.000000
40931.000000
40945.000000
40965.000000
40998.000000
40938.000000
40819.000000
40812.000000
40807.000000
40820.000000
40838.000000
40821.000000
40809.000000
40855.000000
40870.000000
40878.000000
40899.000000
40896.000000
40898.000000
40921.000000
40966.000000
40958.000000
40991.000000
40982.000000
40888.000000
40811.000000
40819.000000
40825.000000
40838.000000
40857.000000
40843.000000
40835.000000
40863.000000
40896.000000
40910.000000
40902.000000
40947.000000
40959.000000
40958.000000
40983.000000
41006.000000
41016.000000
41026.000000
40886.000000
40820.000000
40832.000000
40850.000000
40854.000000
40860.000000
40851.000000
40864.000000
40890.000000
40909.000000
40930.000000
40938.000000
40957.000000
40972.000000
40990.000000
41010.000000
41044.000000
41060.000000
40990.000000
40896.000000
40893.000000
40935.000000
40982.000000
40994.000000
40978.000000
40972.000000
40973.000000
40993.000000
41024.000000
41013.000000
41043.000000
41050.000000
41052.000000
41076.000000
41046.000000
40946.000000
40898.000000
40906.000000
40911.000000
40938.000000
40898.000000
40890.000000
40902.000000
40938.000000
40955.000000
40973.000000
40977.000000
40981.000000
40984.000000
41009.000000
41001.000000
40875.000000
40810.000000
40827.000000
40829.000000
40843.000000
40860.000000
40830.000000
40834.000000
40861.000000
40880.000000
40890.000000
40906.000000
40923.000000
40921.000000
40944.000000
40976.000000
40942.000000
40807.000000
40754.000000
40779.000000
40791.000000
40804.000000
40805.000000
40800.000000
40808.000000
40831.000000
40858.000000
40862.000000
40874.000000
40886.000000
40916.000000
40924.000000
40959.000000
40980.000000
40978.000000
40937.000000
40801.000000
40794.000000
40797.000000
40820.000000
40826.000000
40801.000000
40789.000000
40826.000000
40849.000000
40851.000000
40877.000000
40888.000000
40887.000000
40910.000000
40918.000000
40931.000000
40977.000000
40968.000000
40855.000000
40769.000000
40765.000000
40762.000000
40774.000000
40788.000000
40769.000000
40765.000000
40796.000000
40809.000000
40827.000000
40839.000000
40853.000000
40878.000000
40878.000000
40915.000000
40922.000000
40940.000000
40950.000000
40970.000000
40986.000000
40864.000000
40779.000000
40764.000000
40774.000000
40782.000000
40789.000000
40768.000000
40781.000000
40789.000000
40834.000000
40848.000000
40845.000000
40853.000000
40865.000000
40894.000000
40907.000000
40926.000000
40956.000000
40968.000000
40982.000000
41005.000000
40900.000000
40813.000000
40788.000000
40828.000000
40840.000000
40834.000000
40817.000000
40821.000000
40831.000000
40869.000000
40881.000000
40890.000000
40902.000000
40912.000000
40916.000000
40953.000000
40965.000000
41000.000000
40951.000000
40815.000000
40798.000000
40802.000000
40808.000000
40813.000000
40818.000000
40810.000000
40840.000000
40851.000000
40879.000000
40886.000000
40896.000000
40899.000000
40916.000000
40936.000000
40963.000000
40989.000000
40886.000000
40786.000000
40781.000000
40798.000000
40794.000000
40810.000000
40787.000000
40782.000000
40815.000000
40845.000000
40857.000000
40870.000000
40893.000000
40899.000000
40927.000000
40951.000000
40959.000000
40827.000000
40774.000000
40759.000000
40799.000000
40814.000000
40823.000000
40807.000000
40815.000000
40858.000000
40856.000000
40886.000000
40883.000000
40904.000000
40916.000000
40935.000000
40886.000000
40758.000000
40755.000000
40792.000000
40781.000000
40806.000000
40782.000000
40776.000000
40807.000000
40826.000000
40842.000000
40854.000000
40864.000000
40862.000000
40894.000000
40876.000000
40724.000000
40665.000000
40697.000000
40691.000000
40719.000000
40694.000000
40701.000000
40719.000000
40731.000000
40747.000000
40763.000000
40755.000000
40787.000000
40783.000000
40794.000000
40838.000000
40866.000000
40737.000000
40632.000000
40638.000000
40621.000000
40634.000000
40632.000000
40631.000000
40619.000000
40669.000000
40670.000000
40674.000000
40691.000000
40690.000000
40711.000000
40721.000000
40748.000000
40767.000000
40783.000000
40820.000000
40842.000000
40833.000000
40866.000000
40896.000000
40917.000000
40929.000000
40960.000000
40980.000000
40976.000000
41021.000000
40862.000000
40736.000000
40734.000000
40778.000000
40762.000000
40780.000000
40791.000000
40778.000000
40782.000000
40828.000000
40840.000000
40841.000000
40853.000000
40849.000000
40852.000000
40893.000000
40893.000000
40907.000000
40910.000000
40929.000000
40806.000000
40751.000000
40776.000000
40770.000000
40784.000000
40785.000000
40768.000000
40786.000000
40808.000000
40839.000000
40828.000000
40841.000000
40864.000000
40877.000000
40906.000000
40908.000000
40950.000000
40952.000000
40881.000000
40750.000000
40748.000000
40759.000000
40770.000000
40784.000000
40782.000000
40780.000000
40794.000000
40821.000000
40831.000000
40825.000000
40856.000000
40859.000000
40876.000000
40904.000000
40921.000000
40931.000000
40940.000000
40945.000000
40811.000000
40766.000000
40768.000000
40778.000000
40804.000000
40803.000000
40791.000000
40819.000000
40818.000000
40841.000000
40841.000000
40877.000000
40858.000000
40872.000000
40903.000000
40902.000000
40925.000000
40953.000000
40957.000000
40959.000000
40846.000000
40779.000000
40776.000000
40782.000000
40813.000000
40794.000000
40797.000000
40796.000000
40821.000000
40842.000000
40833.000000
40875.000000
40876.000000
40885.000000
40899.000000
40926.000000
40938.000000
40951.000000
40968.000000
40959.000000
40813.000000
40776.000000
40769.000000
40779.000000
40787.000000
40790.000000
40784.000000
40790.000000
40799.000000
40830.000000
40830.000000
40849.000000
40840.000000
40839.000000
40882.000000
40896.000000
40911.000000
40928.000000
40955.000000
40956.000000
40831.000000
40756.000000
40739.000000
40761.000000
40764.000000
40785.000000
40770.000000
40766.000000
40795.000000
40816.000000
40824.000000
40825.000000
40832.000000
40860.000000
40883.000000
40906.000000
40914.000000
40917.000000
40938.000000
40935.000000
40859.000000
40748.000000
40765.000000
40756.000000
40790.000000
40795.000000
40779.000000
40788.000000
40807.000000
40815.000000
40838.000000
40833.000000
40844.000000
40849.000000
40880.000000
40890.000000
40904.000000
40939.000000
40927.000000
40779.000000
40704.000000
40741.000000
40737.000000
40765.000000
40758.000000
40749.000000
40749.000000
40773.000000
40791.000000
40799.000000
40813.000000
40830.000000
40839.000000
40866.000000
40884.000000
40906.000000
40943.000000
40942.000000
40794.000000
40708.000000
40712.000000
40723.000000
40729.000000
40744.000000
40730.000000
40730.000000
40753.000000
40778.000000
40800.000000
40799.000000
40828.000000
40843.000000
40844.000000
40876.000000
40920.000000
40925.000000
40942.000000
40846.000000
40717.000000
40722.000000
40728.000000
40761.000000
40745.000000
40737.000000
40746.000000
40770.000000
40794.000000
40794.000000
40806.000000
40818.000000
40832.000000
40834.000000
40862.000000
40889.000000
40844.000000
40719.000000
40676.000000
40689.000000
40707.000000
40719.000000
40710.000000
40698.000000
40735.000000
40720.000000
40767.000000
40773.000000
40770.000000
40790.000000
40816.000000
40840.000000
40856.000000
40904.000000
40873.000000
40718.000000
40662.000000
40659.000000
40683.000000
40678.000000
40669.000000
40692.000000
40695.000000
40743.000000
40794.000000
40777.000000
40797.000000
40808.000000
40780.000000
40809.000000
40844.000000
40859.000000
40864.000000
40827.000000
40712.000000
40655.000000
40658.000000
40680.000000
40678.000000
40671.000000
40671.000000
40682.000000
40689.000000
40710.000000
40726.000000
40719.000000
40747.000000
40760.000000
40796.000000
40809.000000
40830.000000
40830.000000
40742.000000
40627.000000
40610.000000
40611.000000
40649.000000
40664.000000
40630.000000
40637.000000
40662.000000
40698.000000
40684.000000
40713.000000
40710.000000
40706.000000
40747.000000
40770.000000
40787.000000
40799.000000
40718.000000
40594.000000
40570.000000
40597.000000
40613.000000
40616.000000
40613.000000
40607.000000
40634.000000
40672.000000
40687.000000
40696.000000
40694.000000
40726.000000
40738.000000
40755.000000
40784.000000
40803.000000
40803.000000
40650.000000
40589.000000
40586.000000
40597.000000
40625.000000
40625.000000
40605.000000
40623.000000
40637.000000
40659.000000
40667.000000
40680.000000
40709.000000
40727.000000
40745.000000
40780.000000
40798.000000
40833.000000
40813.000000
40680.000000
40613.000000
40621.000000
40633.000000
40659.000000
40661.000000
40661.000000
40653.000000
40702.000000
40735.000000
40720.000000
40750.000000
40769.000000
40787.000000
40802.000000
40835.000000
40871.000000
40873.000000
40758.000000
40664.000000
40638.000000
40682.000000
40706.000000
40713.000000
40690.000000
40706.000000
40708.000000
40755.000000
40767.000000
40774.000000
40791.000000
40794.000000
40818.000000
40835.000000
40867.000000
40735.000000
40638.000000
40640.000000
40655.000000
40662.000000
40694.000000
40679.000000
40677.000000
40693.000000
40721.000000
40752.000000
40757.000000
40778.000000
40785.000000
40800.000000
40834.000000
40839.000000
40710.000000
40623.000000
40628.000000
40661.000000
40662.000000
40685.000000
40659.000000
40680.000000
40712.000000
40740.000000
40758.000000
40761.000000
40769.000000
40802.000000
40806.000000
40832.000000
40832.000000
40693.000000
40658.000000
40656.000000
40691.000000
40711.000000
40711.000000
40704.000000
40706.000000
40727.000000
40762.000000
40776.000000
40792.000000
40791.000000
40812.000000
40832.000000
40747.000000
40639.000000
40636.000000
40632.000000
40674.000000
40675.000000
40672.000000
40665.000000
40702.000000
40726.000000
40729.000000
40744.000000
40753.000000
40749.000000
40786.000000
40792.000000
40735.000000
40622.000000
40609.000000
40622.000000
40625.000000
40662.000000
40634.000000
40640.000000
40669.000000
40677.000000
40710.000000
40718.000000
40725.000000
40738.000000
40745.000000
40777.000000
40829.000000
40817.000000
40644.000000
40606.000000
40610.000000
40637.000000
40658.000000
40659.000000
40629.000000
40644.000000
40684.000000
40692.000000
40707.000000
40710.000000
40739.000000
40744.000000
40768.000000
40794.000000
40792.000000
40670.000000
40610.000000
40627.000000
40654.000000
40679.000000
40679.000000
40654.000000
40669.000000
40700.000000
40696.000000
40706.000000
40741.000000
40743.000000
40756.000000
40781.000000
40786.000000
40729.000000
40588.000000
40605.000000
40608.000000
40641.000000
40626.000000
40613.000000
40633.000000
40646.000000
40642.000000
40667.000000
40655.000000
40679.000000
40692.000000
40728.000000
40726.000000
40753.000000
40658.000000
40554.000000
40567.000000
40587.000000
40611.000000
40620.000000
40605.000000
40599.000000
40620.000000
40646.000000
40661.000000
40671.000000
40679.000000
40710.000000
40731.000000
40730.000000
40765.000000
40750.000000
40613.000000
40588.000000
40604.000000
40630.000000
40651.000000
40632.000000
40623.000000
40640.000000
40673.000000
40701.000000
40704.000000
40702.000000
40712.000000
40734.000000
40731.000000
40769.000000
40693.000000
40588.000000
40578.000000
40623.000000
40619.000000
40630.000000
40632.000000
40618.000000
40627.000000
40657.000000
40678.000000
40689.000000
40703.000000
40707.000000
40720.000000
40720.000000
40753.000000
40748.000000
40610.000000
40556.000000
40569.000000
40592.000000
40609.000000
40598.000000
40592.000000
40619.000000
40622.000000
40649.000000
40667.000000
40677.000000
40698.000000
40714.000000
40724.000000
40771.000000
40778.000000
40682.000000
40578.000000
40588.000000
40603.000000
40613.000000
40626.000000
40618.000000
40604.000000
40645.000000
40660.000000
40677.000000
40703.000000
40691.000000
40712.000000
40740.000000
40777.000000
40757.000000
40618.000000
40579.000000
40610.000000
40625.000000
40649.000000
40616.000000
40617.000000
40620.000000
40658.000000
40684.000000
40689.000000
40708.000000
40724.000000
40728.000000
40755.000000
40734.000000
40569.000000
40537.000000
40550.000000
40565.000000
40579.000000
40579.000000
40572.000000
40580.000000
40607.000000
40619.000000
40630.000000
40632.000000
40665.000000
40683.000000
40683.000000
40604.000000
40512.000000
40503.000000
40519.000000
40537.000000
40581.000000
40535.000000
40545.000000
40556.000000
40602.000000
40605.000000
40600.000000
40620.000000
40642.000000
40652.000000
40677.000000
40603.000000
40484.000000
40506.000000
40500.000000
40551.000000
40546.000000
40503.000000
40514.000000
40544.000000
40573.000000
40570.000000
40587.000000
40600.000000
40603.000000
40634.000000
40655.000000
40590.000000
40444.000000
40430.000000
40458.000000
40449.000000
40450.000000
40465.000000
40460.000000
40484.000000
40496.000000
40528.000000
40514.000000
40540.000000
40545.000000
40556.000000
40589.000000
40616.000000
40526.000000
40413.000000
40428.000000
40433.000000
40440.000000
40459.000000
40442.000000
40449.000000
40484.000000
40496.000000
40510.000000
40521.000000
40545.000000
40549.000000
40577.000000
40607.000000
40634.000000
40653.000000
40543.000000
40459.000000
40457.000000
40496.000000
40498.000000
40512.000000
40493.000000
40493.000000
40513.000000
40544.000000
40564.000000
40565.000000
40571.000000
40581.000000
40605.000000
40618.000000
40642.000000
40632.000000
40512.000000
40454.000000
40462.000000
40458.000000
40474.000000
40468.000000
40468.000000
40490.000000
40516.000000
40517.000000
40542.000000
40543.000000
40558.000000
40581.000000
40612.000000
40634.000000
40663.000000
40657.000000
40523.000000
40476.000000
40501.000000
40511.000000
40526.000000
40525.000000
40511.000000
40528.000000
40559.000000
40564.000000
40598.000000
40601.000000
40614.000000
40629.000000
40644.000000
40675.000000
40684.000000
40585.000000
40513.000000
40512.000000
40539.000000
40616.000000
40594.000000
40568.000000
40583.000000
40605.000000
40644.000000
40654.000000
40650.000000
40654.000000
40686.000000
40714.000000
40725.000000
40651.000000
40523.000000
40522.000000
40536.000000
40567.000000
40571.000000
40551.000000
40561.000000
40578.000000
40618.000000
40630.000000
40642.000000
40656.000000
40654.000000
40689.000000
40715.000000
40618.000000
40549.000000
40560.000000
40570.000000
40594.000000
40601.000000
40581.000000
40604.000000
40642.000000
40652.000000
40673.000000
40680.000000
40692.000000
40706.000000
40734.000000
40697.000000
40586.000000
40574.000000
40607.000000
40643.000000
40636.000000
40622.000000
40628.000000
40629.000000
40674.000000
40680.000000
40687.000000
40670.000000
40716.000000
40731.000000
40668.000000
40552.000000
40541.000000
40564.000000
40593.000000
40610.000000
40597.000000
40576.000000
40615.000000
40660.000000
40661.000000
40658.000000
40698.000000
40700.000000
40709.000000
40684.000000
40575.000000
40540.000000
40575.000000
40583.000000
40602.000000
40597.000000
40612.000000
40620.000000
40646.000000
40666.000000
40668.000000
40684.000000
40701.000000
40713.000000
40747.000000
40713.000000
40617.000000
40570.000000
40591.000000
40626.000000
40650.000000
40635.000000
40626.000000
40663.000000
40683.000000
40699.000000
40700.000000
40702.000000
40709.000000
40740.000000
40751.000000
40629.000000
40576.000000
40585.000000
40596.000000
40612.000000
40617.000000
40616.000000
40620.000000
40637.000000
40670.000000
40648.000000
40678.000000
40671.000000
40689.000000
40727.000000
40665.000000
40552.000000
40528.000000
40543.000000
40561.000000
40598.000000
40593.000000
40586.000000
40602.000000
40628.000000
40639.000000
40653.000000
40660.000000
40673.000000
40696.000000
40710.000000
40700.000000
40590.000000
40566.000000
40591.000000
40603.000000
40644.000000
40621.000000
40615.000000
40608.000000
40637.000000
40635.000000
40662.000000
40650.000000
40657.000000
40681.000000
40693.000000
40695.000000
40571.000000
40503.000000
40520.000000
40542.000000
40573.000000
40560.000000
40558.000000
40551.000000
40575.000000
40584.000000
40595.000000
40595.000000
40612.000000
40627.000000
40642.000000
40665.000000
40628.000000
40525.000000
40498.000000
40516.000000
40528.000000
40550.000000
40535.000000
40526.000000
40552.000000
40589.000000
40610.000000
40615.000000
40628.000000
40631.000000
40656.000000
40670.000000
40685.000000
40689.000000
40568.000000
40540.000000
40555.000000
40575.000000
40611.000000
40586.000000
40575.000000
40595.000000
40610.000000
40631.000000
40639.000000
40648.000000
40665.000000
40683.000000
40683.000000
40722.000000
40629.000000
40541.000000
40517.000000
40545.000000
40557.000000
40576.000000
40565.000000
40562.000000
40611.000000
40627.000000
40642.000000
40647.000000
40647.000000
40681.000000
40684.000000
40720.000000
40717.000000
40592.000000
40544.000000
40560.000000
40590.000000
40629.000000
40614.000000
40604.000000
40620.000000
40649.000000
40680.000000
40693.000000
40714.000000
40720.000000
40737.000000
40764.000000
40785.000000
40726.000000
40634.000000
40626.000000
40656.000000
40693.000000
40702.000000
40675.000000
40663.000000
40707.000000
40713.000000
40748.000000
40729.000000
40741.000000
40749.000000
40776.000000
40761.000000
40670.000000
40611.000000
40646.000000
40657.000000
40689.000000
40662.000000
40651.000000
40675.000000
40702.000000
40714.000000
40730.000000
40731.000000
40744.000000
40757.000000
40782.000000
40704.000000
40612.000000
40640.000000
40660.000000
40680.000000
40697.000000
40663.000000
40666.000000
40694.000000
40745.000000
40753.000000
40762.000000
40768.000000
40788.000000
40819.000000
40806.000000
40679.000000
40663.000000
40684.000000
40725.000000
40733.000000
40720.000000
40726.000000
40761.000000
40778.000000
40813.000000
40833.000000
40844.000000
40819.000000
40898.000000
40814.000000
40721.000000
40713.000000
40734.000000
40754.000000
40766.000000
40751.000000
40751.000000
40772.000000
40787.000000
40780.000000
40787.000000
40833.000000
40838.000000
40851.000000
40776.000000
40672.000000
40698.000000
40727.000000
40761.000000
40739.000000
40762.000000
40767.000000
40775.000000
40814.000000
40831.000000
40855.000000
40860.000000
40848.000000
40864.000000
40742.000000
40710.000000
40732.000000
40760.000000
40778.000000
40764.000000
40753.000000
40773.000000
40801.000000
40813.000000
40816.000000
40802.000000
40844.000000
40829.000000
40736.000000
40693.000000
40708.000000
40717.000000
40744.000000
40717.000000
40704.000000
40738.000000
40754.000000
40801.000000
40803.000000
40794.000000
40804.000000
40810.000000
40786.000000
40675.000000
40692.000000
40745.000000
40778.000000
40789.000000
40761.000000
40749.000000
40779.000000
40800.000000
40805.000000
40809.000000
40832.000000
40844.000000
40846.000000
40892.000000
40809.000000
40701.000000
40713.000000
40738.000000
40751.000000
40774.000000
40739.000000
40753.000000
40799.000000
40809.000000
40821.000000
40824.000000
40847.000000
40838.000000
40839.000000
40868.000000
40833.000000
40743.000000
40742.000000
40765.000000
40793.000000
40800.000000
40771.000000
