40670.000000
40710.000000
40717.000000
40719.000000
40739.000000
40735.000000
40748.000000
40755.000000
40784.000000
40777.000000
40674.000000
40657.000000
40697.000000
40683.000000
40692.000000
40664.000000
40690.000000
40697.000000
40728.000000
40744.000000
40743.000000
40746.000000
40750.000000
40766.000000
40800.000000
40770.000000
40683.000000
40669.000000
40661.000000
40693.000000
40700.000000
40677.000000
40676.000000
40689.000000
40711.000000
40738.000000
40740.000000
40739.000000
40753.000000
40768.000000
40778.000000
40749.000000
40666.000000
40628.000000
40668.000000
40688.000000
40706.000000
40679.000000
40699.000000
40712.000000
40751.000000
40766.000000
40772.000000
40771.000000
40798.000000
40826.000000
40821.000000
40774.000000
40695.000000
40714.000000
40710.000000
40757.000000
40736.000000
40708.000000
40737.000000
40748.000000
40757.000000
40766.000000
40780.000000
40764.000000
40790.000000
40800.000000
40739.000000
40668.000000
40686.000000
40705.000000
40728.000000
40707.000000
40694.000000
40715.000000
40727.000000
40753.000000
40753.000000
40760.000000
40782.000000
40786.000000
40762.000000
40709.000000
40651.000000
40645.000000
40663.000000
40681.000000
40675.000000
40639.000000
40663.000000
40677.000000
40697.000000
40701.000000
40708.000000
40707.000000
40719.000000
40700.000000
40633.000000
40622.000000
40648.000000
40676.000000
40705.000000
40768.000000
41080.000000
41332.000000
41283.000000
41076.000000
40971.000000
40876.000000
40856.000000
40833.000000
40804.000000
40728.000000
40627.000000
40630.000000
40653.000000
40736.000000
40712.000000
40690.000000
40804.000000
40842.000000
40934.000000
40921.000000
40825.000000
40759.000000
40748.000000
40718.000000
40677.000000
40569.000000
40465.000000
40450.000000
40445.000000
40429.000000
40418.000000
40404.000000
40379.000000
40401.000000
40395.000000
40396.000000
40407.000000
40400.000000
40396.000000
40445.000000
40445.000000
40461.000000
40507.000000
40391.000000
40344.000000
40342.000000
40355.000000
40361.000000
40363.000000
40350.000000
40358.000000
40356.000000
40357.000000
40370.000000
40374.000000
40383.000000
40410.000000
40407.000000
40430.000000
40453.000000
40466.000000
40492.000000
40469.000000
40365.000000
40378.000000
40381.000000
40398.000000
40406.000000
40388.000000
40388.000000
40426.000000
40468.000000
40502.000000
40622.000000
40744.000000
40769.000000
40799.000000
40800.000000
40821.000000
40858.000000
40915.000000
40888.000000
40793.000000
40777.000000
40781.000000
40760.000000
40759.000000
40687.000000
40658.000000
40691.000000
40660.000000
40643.000000
40649.000000
40647.000000
40651.000000
40634.000000
40645.000000
40663.000000
40693.000000
40656.000000
40595.000000
40597.000000
40607.000000
40621.000000
40628.000000
40601.000000
40612.000000
40626.000000
40647.000000
40680.000000
40684.000000
40671.000000
40700.000000
40720.000000
40735.000000
40737.000000
40752.000000
40698.000000
40707.000000
40700.000000
40729.000000
40744.000000
40730.000000
40747.000000
40764.000000
40754.000000
40811.000000
40812.000000
40825.000000
40842.000000
40834.000000
40858.000000
40876.000000
40859.000000
40802.000000
40788.000000
40824.000000
40842.000000
40828.000000
40828.000000
40822.000000
40828.000000
40866.000000
40870.000000
40897.000000
40884.000000
40901.000000
40925.000000
40956.000000
40878.000000
40859.000000
40869.000000
40857.000000
40866.000000
40862.000000
40830.000000
40806.000000
40826.000000
40831.000000
40836.000000
40831.000000
40839.000000
40831.000000
40855.000000
40842.000000
40762.000000
40753.000000
40765.000000
40745.000000
40758.000000
40751.000000
40744.000000
40761.000000
40760.000000
40782.000000
40795.000000
40801.000000
40819.000000
40812.000000
40849.000000
40825.000000
40756.000000
40749.000000
40771.000000
40766.000000
40759.000000
40768.000000
40769.000000
40761.000000
40789.000000
40790.000000
40795.000000
40808.000000
40818.000000
40822.000000
40829.000000
40836.000000
40786.000000
40728.000000
40742.000000
40752.000000
40785.000000
40752.000000
40726.000000
40754.000000
40759.000000
40788.000000
40782.000000
40775.000000
40793.000000
40796.000000
40820.000000
40843.000000
40790.000000
40731.000000
40694.000000
40690.000000
40699.000000
40685.000000
40677.000000
40649.000000
40656.000000
40675.000000
40680.000000
40670.000000
40676.000000
40705.000000
40731.000000
40738.000000
40758.000000
40683.000000
40638.000000
40648.000000
40647.000000
40663.000000
40663.000000
40655.000000
40677.000000
40691.000000
40713.000000
40703.000000
40718.000000
40739.000000
40746.000000
40772.000000
40778.000000
40803.000000
40752.000000
40709.000000
40721.000000
40721.000000
40750.000000
40747.000000
40730.000000
40734.000000
40757.000000
40776.000000
40796.000000
40779.000000
40807.000000
40826.000000
40811.000000
40825.000000
40817.000000
40713.000000
40695.000000
40693.000000
40677.000000
40690.000000
40659.000000
40654.000000
40668.000000
40670.000000
40685.000000
40694.000000
40683.000000
40686.000000
40703.000000
40706.000000
40711.000000
40647.000000
40603.000000
40581.000000
40583.000000
40570.000000
40585.000000
40559.000000
40562.000000
40571.000000
40606.000000
40611.000000
40622.000000
40616.000000
40657.000000
40666.000000
40666.000000
40677.000000
40588.000000
40558.000000
40566.000000
40594.000000
40588.000000
40567.000000
40570.000000
40595.000000
40601.000000
40616.000000
40631.000000
40638.000000
40648.000000
40644.000000
40669.000000
40627.000000
40567.000000
40572.000000
40576.000000
40611.000000
40604.000000
40587.000000
40602.000000
40625.000000
40629.000000
40665.000000
40652.000000
40663.000000
40689.000000
40688.000000
40697.000000
40664.000000
40593.000000
40590.000000
40607.000000
40625.000000
40603.000000
40630.000000
40620.000000
40639.000000
40644.000000
40649.000000
40668.000000
40690.000000
40692.000000
40727.000000
40729.000000
40718.000000
40649.000000
40640.000000
40650.000000
40661.000000
40666.000000
40664.000000
40670.000000
40708.000000
40715.000000
40733.000000
40733.000000
40734.000000
40750.000000
40749.000000
40785.000000
40796.000000
40727.000000
40695.000000
40714.000000
40744.000000
40756.000000
40732.000000
40741.000000
40750.000000
40754.000000
40791.000000
40798.000000
40794.000000
40807.000000
40825.000000
40874.000000
40881.000000
40778.000000
40692.000000
40746.000000
40779.000000
40797.000000
40803.000000
40790.000000
40806.000000
40830.000000
40854.000000
40827.000000
40832.000000
40840.000000
40853.000000
40855.000000
40845.000000
40780.000000
40783.000000
40813.000000
40812.000000
40792.000000
40787.000000
40823.000000
40835.000000
40882.000000
40875.000000
40890.000000
40877.000000
40880.000000
40903.000000
40932.000000
40856.000000
40840.000000
40862.000000
40879.000000
40915.000000
40894.000000
40876.000000
40895.000000
40923.000000
40944.000000
40938.000000
40949.000000
40953.000000
40991.000000
40998.000000
40921.000000
40917.000000
40927.000000
40975.000000
40974.000000
40965.000000
40972.000000
41000.000000
41006.000000
41035.000000
41049.000000
41064.000000
41051.000000
41054.000000
40999.000000
41017.000000
41051.000000
41071.000000
41072.000000
41024.000000
41036.000000
41050.000000
41066.000000
41040.000000
41069.000000
41045.000000
40978.000000
40940.000000
40951.000000
40982.000000
40999.000000
40982.000000
40970.000000
40996.000000
41007.000000
41019.000000
41018.000000
41026.000000
41032.000000
40999.000000
40925.000000
40904.000000
40917.000000
40926.000000
40945.000000
40932.000000
40957.000000
40959.000000
40972.000000
40982.000000
41007.000000
41013.000000
41010.000000
40939.000000
40895.000000
40901.000000
40887.000000
40903.000000
40905.000000
40903.000000
40894.000000
40919.000000
40933.000000
40950.000000
40956.000000
40946.000000
40973.000000
40993.000000
40993.000000
40897.000000
40893.000000
40897.000000
40901.000000
40921.000000
40913.000000
40904.000000
40902.000000
40926.000000
40936.000000
40945.000000
40944.000000
40962.000000
40981.000000
40978.000000
41001.000000
41005.000000
41025.000000
40983.000000
41012.000000
41072.000000
41122.000000
41125.000000
41123.000000
41106.000000
41087.000000
41107.000000
41119.000000
41136.000000
41124.000000
41115.000000
41143.000000
41194.000000
41223.000000
41202.000000
41191.000000
41096.000000
41036.000000
41031.000000
41032.000000
41059.000000
41028.000000
41006.000000
41004.000000
41055.000000
41040.000000
41080.000000
41081.000000
41102.000000
41100.000000
41127.000000
41148.000000
41072.000000
41034.000000
41043.000000
41063.000000
41063.000000
41058.000000
41045.000000
41037.000000
41072.000000
41071.000000
41081.000000
41079.000000
41088.000000
41082.000000
41091.000000
41123.000000
41042.000000
41007.000000
41029.000000
41025.000000
41070.000000
41025.000000
41018.000000
41020.000000
41046.000000
41047.000000
41028.000000
40969.000000
40927.000000
40942.000000
40943.000000
40901.000000
40828.000000
40853.000000
40869.000000
40929.000000
40924.000000
40915.000000
40944.000000
40968.000000
40993.000000
41029.000000
41034.000000
41038.000000
41062.000000
41098.000000
41056.000000
40993.000000
40992.000000
40999.000000
41026.000000
41037.000000
41011.000000
41048.000000
41022.000000
41064.000000
41091.000000
41086.000000
41103.000000
41107.000000
41142.000000
41088.000000
41080.000000
41092.000000
41101.000000
41132.000000
41130.000000
41109.000000
41103.000000
41126.000000
41165.000000
41146.000000
41142.000000
41133.000000
41162.000000
41113.000000
41047.000000
41039.000000
41061.000000
41075.000000
41073.000000
41046.000000
41052.000000
41079.000000
41071.000000
41118.000000
41113.000000
41130.000000
41161.000000
41107.000000
41053.000000
41052.000000
41076.000000
41052.000000
41017.000000
41005.000000
41005.000000
41018.000000
41039.000000
41035.000000
41028.000000
41036.000000
41051.000000
41061.000000
41002.000000
40984.000000
40976.000000
40950.000000
40957.000000
40938.000000
40901.000000
40884.000000
40894.000000
40900.000000
40892.000000
40876.000000
40896.000000
40891.000000
40914.000000
40934.000000
40889.000000
40858.000000
40829.000000
40849.000000
40863.000000
40848.000000
40831.000000
40844.000000
40854.000000
40864.000000
40886.000000
40879.000000
40889.000000
40892.000000
40909.000000
40900.000000
40933.000000
40897.000000
40821.000000
40797.000000
40818.000000
40809.000000
40834.000000
40795.000000
40796.000000
40803.000000
40818.000000
40837.000000
40811.000000
40816.000000
40816.000000
40853.000000
40844.000000
40860.000000
40898.000000
40860.000000
40798.000000
40764.000000
40773.000000
40794.000000
40800.000000
40788.000000
40779.000000
40770.000000
40789.000000
40806.000000
40821.000000
40810.000000
40826.000000
40854.000000
40846.000000
40856.000000
40891.000000
40832.000000
40778.000000
40770.000000
40799.000000
40807.000000
40800.000000
40799.000000
40800.000000
40824.000000
40837.000000
40825.000000
40841.000000
40850.000000
40851.000000
40857.000000
40882.000000
40892.000000
40810.000000
40788.000000
40787.000000
40791.000000
40801.000000
40801.000000
40776.000000
40775.000000
40788.000000
40803.000000
40818.000000
40816.000000
40824.000000
40831.000000
40858.000000
40878.000000
40856.000000
40775.000000
40754.000000
40748.000000
40757.000000
40782.000000
40753.000000
40751.000000
40758.000000
40791.000000
40806.000000
40805.000000
40812.000000
40818.000000
40826.000000
40842.000000
40835.000000
40756.000000
40750.000000
40732.000000
40755.000000
40765.000000
40766.000000
40756.000000
40756.000000
40811.000000
40799.000000
40811.000000
40808.000000
40821.000000
40825.000000
40837.000000
40768.000000
40751.000000
40748.000000
40773.000000
40779.000000
40765.000000
40736.000000
40770.000000
40769.000000
40790.000000
40816.000000
40818.000000
40820.000000
40833.000000
40867.000000
40799.000000
40723.000000
40740.000000
40749.000000
40755.000000
40758.000000
40740.000000
40739.000000
40745.000000
40753.000000
40771.000000
40786.000000
40796.000000
40799.000000
40819.000000
40798.000000
40727.000000
40708.000000
40726.000000
40747.000000
40752.000000
40716.000000
40708.000000
40740.000000
40744.000000
40769.000000
40763.000000
40778.000000
40811.000000
40816.000000
40829.000000
40797.000000
40760.000000
40729.000000
40749.000000
40787.000000
40805.000000
40758.000000
40788.000000
40796.000000
40829.000000
40839.000000
40838.000000
40844.000000
40850.000000
40871.000000
40888.000000
40880.000000
40805.000000
40795.000000
40779.000000
40805.000000
40809.000000
40789.000000
40798.000000
40819.000000
40842.000000
40844.000000
40880.000000
40882.000000
40885.000000
40981.000000
41067.000000
41081.000000
41001.000000
40921.000000
40920.000000
40904.000000
40905.000000
40879.000000
40853.000000
40863.000000
40841.000000
40864.000000
40871.000000
40864.000000
40869.000000
40848.000000
40871.000000
40882.000000
40891.000000
40818.000000
40778.000000
40776.000000
40780.000000
40793.000000
40769.000000
40754.000000
40775.000000
40787.000000
40804.000000
40820.000000
40809.000000
40830.000000
40831.000000
40837.000000
40849.000000
40810.000000
40742.000000
40748.000000
40742.000000
40769.000000
40762.000000
40757.000000
40753.000000
40789.000000
40780.000000
40796.000000
40810.000000
40819.000000
40803.000000
40832.000000
40861.000000
40814.000000
40747.000000
40760.000000
40750.000000
40771.000000
40799.000000
40758.000000
40759.000000
40775.000000
40794.000000
40824.000000
40819.000000
40837.000000
40844.000000
40840.000000
40857.000000
40791.000000
40752.000000
40764.000000
40773.000000
40800.000000
40786.000000
40759.000000
40775.000000
40778.000000
40823.000000
40824.000000
40820.000000
40836.000000
40838.000000
40852.000000
40825.000000
40768.000000
40760.000000
40766.000000
40792.000000
40793.000000
40771.000000
40791.000000
40797.000000
40794.000000
40816.000000
40818.000000
40827.000000
40819.000000
40840.000000
40830.000000
40760.000000
40762.000000
40762.000000
40788.000000
40793.000000
40773.000000
40779.000000
40778.000000
40799.000000
40803.000000
40810.000000
40803.000000
40831.000000
40850.000000
40859.000000
40815.000000
40748.000000
40738.000000
40778.000000
40779.000000
40780.000000
40792.000000
40833.000000
40894.000000
40892.000000
40884.000000
40885.000000
40875.000000
40875.000000
40881.000000
40854.000000
40760.000000
40797.000000
40789.000000
40804.000000
40803.000000
40806.000000
40780.000000
40802.000000
40798.000000
40819.000000
40859.000000
40848.000000
40868.000000
40856.000000
40862.000000
40802.000000
40782.000000
40796.000000
40790.000000
40814.000000
40803.000000
40815.000000
40819.000000
40853.000000
40847.000000
40834.000000
40841.000000
40858.000000
40860.000000
40884.000000
40789.000000
40748.000000
40753.000000
40768.000000
40751.000000
40742.000000
40733.000000
40764.000000
40783.000000
40797.000000
40813.000000
40814.000000
40849.000000
40883.000000
40875.000000
40788.000000
40781.000000
40787.000000
40783.000000
40816.000000
40791.000000
40779.000000
40782.000000
40802.000000
40815.000000
40822.000000
40828.000000
40889.000000
40919.000000
40870.000000
40816.000000
40805.000000
40816.000000
40828.000000
40826.000000
40820.000000
40882.000000
40889.000000
40923.000000
40935.000000
40949.000000
40939.000000
40962.000000
40878.000000
40868.000000
40926.000000
40956.000000
40999.000000
40955.000000
40915.000000
40939.000000
40954.000000
40964.000000
40970.000000
40962.000000
40982.000000
40931.000000
40883.000000
40887.000000
40913.000000
40930.000000
40903.000000
40915.000000
40939.000000
40953.000000
40967.000000
40979.000000
40965.000000
41000.000000
40970.000000
40941.000000
40957.000000
40965.000000
40977.000000
40981.000000
40979.000000
40969.000000
40995.000000
41002.000000
41009.000000
41043.000000
41034.000000
40992.000000
40965.000000
40985.000000
40996.000000
41015.000000
40999.000000
41017.000000
41013.000000
41034.000000
41049.000000
41054.000000
41067.000000
41069.000000
41053.000000
40988.000000
40981.000000
40988.000000
41004.000000
41032.000000
41124.000000
41134.000000
41129.000000
41134.000000
41137.000000
41141.000000
41166.000000
41128.000000
41078.000000
41099.000000
41159.000000
41212.000000
41255.000000
41260.000000
41285.000000
41269.000000
41232.000000
41233.000000
41242.000000
41294.000000
41254.000000
41208.000000
41187.000000
41171.000000
41160.000000
41155.000000
41121.000000
41134.000000
41139.000000
41166.000000
41160.000000
41154.000000
41167.000000
41169.000000
41106.000000
41067.000000
41097.000000
41101.000000
41094.000000
41087.000000
41087.000000
41077.000000
41104.000000
41112.000000
41102.000000
41106.000000
41122.000000
41082.000000
41025.000000
41013.000000
41024.000000
41026.000000
41038.000000
41019.000000
41016.000000
41027.000000
41053.000000
41082.000000
41094.000000
41089.000000
41084.000000
41081.000000
41020.000000
41010.000000
40999.000000
41042.000000
41068.000000
41076.000000
41096.000000
41109.000000
41139.000000
41158.000000
41166.000000
41168.000000
41191.000000
41179.000000
41101.000000
41090.000000
41085.000000
41110.000000
41125.000000
41107.000000
41075.000000
41108.000000
41115.000000
41128.000000
41156.000000
41138.000000
41156.000000
41148.000000
41086.000000
41067.000000
41097.000000
41122.000000
41137.000000
41116.000000
41128.000000
41128.000000
41154.000000
41177.000000
41188.000000
41169.000000
41190.000000
41142.000000
41094.000000
41099.000000
41140.000000
41173.000000
41139.000000
41136.000000
41156.000000
41168.000000
41199.000000
41204.000000
41213.000000
41231.000000
41174.000000
41135.000000
41165.000000
41180.000000
41228.000000
41206.000000
41197.000000
41206.000000
41219.000000
41242.000000
41246.000000
41264.000000
41233.000000
41176.000000
41158.000000
41184.000000
41219.000000
41238.000000
41212.000000
41225.000000
41221.000000
41241.000000
41262.000000
41267.000000
41246.000000
41187.000000
41159.000000
41180.000000
41205.000000
41248.000000
41223.000000
41222.000000
41243.000000
41243.000000
41263.000000
41260.000000
41227.000000
41159.000000
41147.000000
41168.000000
41214.000000
41213.000000
41179.000000
41200.000000
41242.000000
41303.000000
41280.000000
41264.000000
41229.000000
41163.000000
41171.000000
41175.000000
41225.000000
41194.000000
41185.000000
41205.000000
41219.000000
41234.000000
41251.000000
41232.000000
41175.000000
41191.000000
41229.000000
41243.000000
41230.000000
41239.000000
41233.000000
41238.000000
41279.000000
41298.000000
41305.000000
41271.000000
41313.000000
41370.000000
41459.000000
41453.000000
41443.000000
41531.000000
41696.000000
41696.000000
41704.000000
41631.000000
41570.000000
41547.000000
41531.000000
41590.000000
41572.000000
41639.000000
41716.000000
41724.000000
41750.000000
41677.000000
41561.000000
41451.000000
41394.000000
41298.000000
41293.000000
41265.000000
41240.000000
41238.000000
41239.000000
41242.000000
41233.000000
41171.000000
41125.000000
41146.000000
41153.000000
41165.000000
41144.000000
41135.000000
41117.000000
41119.000000
41113.000000
41121.000000
41053.000000
41017.000000
41009.000000
41001.000000
41009.000000
40977.000000
40984.000000
40977.000000
40995.000000
41028.000000
41046.000000
41068.000000
41095.000000
41104.000000
41134.000000
41126.000000
41143.000000
41094.000000
41023.000000
41034.000000
41030.000000
41038.000000
41022.000000
41005.000000
40996.000000
41000.000000
41030.000000
41044.000000
41036.000000
41033.000000
41044.000000
41042.000000
41055.000000
41035.000000
41034.000000
40967.000000
40943.000000
40955.000000
40969.000000
40977.000000
40963.000000
40962.000000
40971.000000
40986.000000
40983.000000
40986.000000
40992.000000
41007.000000
41008.000000
41006.000000
40990.000000
41015.000000
41027.000000
40930.000000
40905.000000
40910.000000
40917.000000
40909.000000
40895.000000
40907.000000
40925.000000
40953.000000
40946.000000
40967.000000
40938.000000
40959.000000
40977.000000
40996.000000
41020.000000
41037.000000
41029.000000
40962.000000
40957.000000
40966.000000
40983.000000
40994.000000
41008.000000
41046.000000
41057.000000
41072.000000
41071.000000
41075.000000
41058.000000
41056.000000
41067.000000
41078.000000
41090.000000
41098.000000
41036.000000
40988.000000
40970.000000
40997.000000
41014.000000
41004.000000
40997.000000
41003.000000
41015.000000
41031.000000
41031.000000
41038.000000
41037.000000
41062.000000
41053.000000
41059.000000
41097.000000
41082.000000
41059.000000
41001.000000
40991.000000
40978.000000
41008.000000
40995.000000
41004.000000
40994.000000
41019.000000
41006.000000
41010.000000
41025.000000
41039.000000
41051.000000
41038.000000
41068.000000
41088.000000
41098.000000
41068.000000
41000.000000
41001.000000
41000.000000
41053.000000
41062.000000
41044.000000
41035.000000
41069.000000
41094.000000
41091.000000
41113.000000
41107.000000
41124.000000
41128.000000
41135.000000
41164.000000
41118.000000
41049.000000
41047.000000
41078.000000
41094.000000
41092.000000
41070.000000
41072.000000
41089.000000
41104.000000
41117.000000
41126.000000
41124.000000
41108.000000
41132.000000
41171.000000
41145.000000
41061.000000
40996.000000
41030.000000
41032.000000
41058.000000
41048.000000
41048.000000
41032.000000
41027.000000
41045.000000
41051.000000
41053.000000
41061.000000
41082.000000
41107.000000
41089.000000
41020.000000
41000.000000
41012.000000
40977.000000
41006.000000
41006.000000
41015.000000
40993.000000
41014.000000
41047.000000
41061.000000
41062.000000
41063.000000
41058.000000
41082.000000
41071.000000
40986.000000
40986.000000
40986.000000
40993.000000
41019.000000
40999.000000
40994.000000
41032.000000
41042.000000
41053.000000
41051.000000
41052.000000
41056.000000
41065.000000
41030.000000
40964.000000
40953.000000
40945.000000
40962.000000
40953.000000
40951.000000
40942.000000
40954.000000
40965.000000
40967.000000
40989.000000
40979.000000
40997.000000
41018.000000
40998.000000
40915.000000
40879.000000
40904.000000
40890.000000
40915.000000
40892.000000
40890.000000
40881.000000
40903.000000
40909.000000
40943.000000
40931.000000
40934.000000
40929.000000
40942.000000
40945.000000
40852.000000
40829.000000
40828.000000
40846.000000
40842.000000
40827.000000
40819.000000
40843.000000
40883.000000
40890.000000
40883.000000
40896.000000
40898.000000
40916.000000
40926.000000
40961.000000
40926.000000
40827.000000
40826.000000
40826.000000
40849.000000
40848.000000
40841.000000
40827.000000
40847.000000
40876.000000
40893.000000
40883.000000
40895.000000
40891.000000
40896.000000
40938.000000
40937.000000
40874.000000
40819.000000
40816.000000
40807.000000
40813.000000
40812.000000
40805.000000
40805.000000
40826.000000
40823.000000
40835.000000
40834.000000
40834.000000
40869.000000
40869.000000
40900.000000
40831.000000
40785.000000
40776.000000
40769.000000
40789.000000
40791.000000
40759.000000
40770.000000
40789.000000
40796.000000
40810.000000
40823.000000
40841.000000
40847.000000
40861.000000
40865.000000
40791.000000
40746.000000
40749.000000
40773.000000
40788.000000
40757.000000
40765.000000
40756.000000
40788.000000
40797.000000
40808.000000
40823.000000
40810.000000
40825.000000
40833.000000
40805.000000
40722.000000
40705.000000
40723.000000
40714.000000
40705.000000
40699.000000
40692.000000
40702.000000
40739.000000
40729.000000
40731.000000
40738.000000
40757.000000
40756.000000
40780.000000
40746.000000
40660.000000
40628.000000
40647.000000
40638.000000
40649.000000
40644.000000
40631.000000
40643.000000
40689.000000
40682.000000
40684.000000
40706.000000
40707.000000
40744.000000
40758.000000
40775.000000
40789.000000
40777.000000
40658.000000
40663.000000
40664.000000
40676.000000
40700.000000
40673.000000
40691.000000
40696.000000
40717.000000
40734.000000
40756.000000
40748.000000
40740.000000
40769.000000
40790.000000
40790.000000
40830.000000
40771.000000
40709.000000
40709.000000
40718.000000
40723.000000
40746.000000
40725.000000
40720.000000
40742.000000
40750.000000
40758.000000
40753.000000
40760.000000
40792.000000
40797.000000
40826.000000
40848.000000
40841.000000
40755.000000
40734.000000
40742.000000
40758.000000
40772.000000
40774.000000
40761.000000
40766.000000
40797.000000
40818.000000
40816.000000
40835.000000
40834.000000
40854.000000
40876.000000
40859.000000
40901.000000
40810.000000
40772.000000
40787.000000
40794.000000
40827.000000
40834.000000
40793.000000
40814.000000
40823.000000
40856.000000
40858.000000
40871.000000
40869.000000
40889.000000
40914.000000
40930.000000
40870.000000
40794.000000
40801.000000
40835.000000
40828.000000
40833.000000
40825.000000
40818.000000
40834.000000
40857.000000
40863.000000
40852.000000
40865.000000
40882.000000
40879.000000
40866.000000
40807.000000
40778.000000
40796.000000
40793.000000
40825.000000
40810.000000
40800.000000
40815.000000
40821.000000
40841.000000
40857.000000
40866.000000
40861.000000
40866.000000
40860.000000
40792.000000
40776.000000
40779.000000
40789.000000
40806.000000
40776.000000
40797.000000
40803.000000
40818.000000
40811.000000
40830.000000
40832.000000
40838.000000
40841.000000
40772.000000
40732.000000
40755.000000
40771.000000
40781.000000
40780.000000
40760.000000
40778.000000
40785.000000
40786.000000
40789.000000
40814.000000
40813.000000
40820.000000
40741.000000
40716.000000
40694.000000
40711.000000
40731.000000
40738.000000
40725.000000
40729.000000
40726.000000
40742.000000
40758.000000
40756.000000
40751.000000
40731.000000
40675.000000
40654.000000
40637.000000
40671.000000
40670.000000
40638.000000
40659.000000
40650.000000
40674.000000
40667.000000
40676.000000
40685.000000
40712.000000
40684.000000
40625.000000
40597.000000
40612.000000
40622.000000
40621.000000
40607.000000
40621.000000
40636.000000
40663.000000
40664.000000
40674.000000
40685.000000
40699.000000
40707.000000
40723.000000
40750.000000
40769.000000
40744.000000
40627.000000
40637.000000
40640.000000
40659.000000
40672.000000
40658.000000
40647.000000
40678.000000
40703.000000
40696.000000
40718.000000
40713.000000
40715.000000
40740.000000
40752.000000
40773.000000
40775.000000
40788.000000
40707.000000
40651.000000
40674.000000
40673.000000
40681.000000
40686.000000
40677.000000
40682.000000
40711.000000
40726.000000
40734.000000
40727.000000
40753.000000
40765.000000
40780.000000
40792.000000
40816.000000
40793.000000
40718.000000
40720.000000
40745.000000
40745.000000
40764.000000
40756.000000
40755.000000
40786.000000
40787.000000
40817.000000
40824.000000
40828.000000
40835.000000
40843.000000
40860.000000
40879.000000
40842.000000
40776.000000
40791.000000
40805.000000
40830.000000
40853.000000
40828.000000
40826.000000
40863.000000
40877.000000
40899.000000
40901.000000
40900.000000
40912.000000
40923.000000
40946.000000
40896.000000
40817.000000
40831.000000
40840.000000
40844.000000
40859.000000
40847.000000
40838.000000
40856.000000
40893.000000
40898.000000
40910.000000
40918.000000
40925.000000
40949.000000
40940.000000
40869.000000
40831.000000
40868.000000
40880.000000
40897.000000
40875.000000
40873.000000
40927.000000
40921.000000
40933.000000
40961.000000
40968.000000
40949.000000
40979.000000
40973.000000
40913.000000
40876.000000
40864.000000
40911.000000
40935.000000
40926.000000
40918.000000
40915.000000
40955.000000
40954.000000
40953.000000
40963.000000
40983.000000
40945.000000
40931.000000
40871.000000
40873.000000
40883.000000
40911.000000
40913.000000
40882.000000
40890.000000
40910.000000
40901.000000
40914.000000
40915.000000
40923.000000
40929.000000
40938.000000
40895.000000
40824.000000
40825.000000
40823.000000
40834.000000
40842.000000
40820.000000
40833.000000
40850.000000
40844.000000
40862.000000
40876.000000
40860.000000
40882.000000
40872.000000
40907.000000
40838.000000
40789.000000
40776.000000
40807.000000
40813.000000
40808.000000
40783.000000
40795.000000
40795.000000
40828.000000
40836.000000
40831.000000
40842.000000
40867.000000
40866.000000
40864.000000
40886.000000
40867.000000
40778.000000
40778.000000
40770.000000
40783.000000
40786.000000
40793.000000
40759.000000
40771.000000
40800.000000
40814.000000
40822.000000
40811.000000
40809.000000
40832.000000
40849.000000
40861.000000
40899.000000
40877.000000
40790.000000
40758.000000
40770.000000
40787.000000
40811.000000
40797.000000
40784.000000
40803.000000
40811.000000
40831.000000
