40609.000000
40597.000000
40592.000000
40604.000000
40630.000000
40643.000000
40651.000000
40670.000000
40687.000000
40687.000000
40708.000000
40638.000000
40555.000000
40587.000000
40589.000000
40612.000000
40606.000000
40594.000000
40632.000000
40655.000000
40670.000000
40680.000000
40691.000000
40699.000000
40721.000000
40743.000000
40734.000000
40633.000000
40604.000000
40626.000000
40663.000000
40674.000000
40646.000000
40654.000000
40658.000000
40691.000000
40689.000000
40713.000000
40703.000000
40704.000000
40736.000000
40753.000000
40690.000000
40594.000000
40594.000000
40621.000000
40630.000000
40647.000000
40620.000000
40637.000000
40671.000000
40662.000000
40692.000000
40703.000000
40710.000000
40708.000000
40724.000000
40714.000000
40629.000000
40595.000000
40626.000000
40644.000000
40666.000000
40664.000000
40662.000000
40681.000000
40689.000000
40727.000000
40745.000000
40769.000000
40779.000000
40782.000000
40809.000000
40736.000000
40667.000000
40690.000000
40703.000000
40760.000000
40752.000000
40750.000000
40734.000000
40746.000000
40762.000000
40757.000000
40774.000000
40767.000000
40784.000000
40774.000000
40694.000000
40679.000000
40710.000000
40726.000000
40738.000000
40716.000000
40707.000000
40721.000000
40743.000000
40760.000000
40789.000000
40779.000000
40828.000000
40840.000000
40773.000000
40706.000000
40714.000000
40719.000000
40731.000000
40741.000000
40738.000000
40756.000000
40780.000000
40797.000000
40800.000000
40808.000000
40801.000000
40807.000000
40799.000000
40721.000000
40696.000000
40710.000000
40750.000000
40765.000000
40759.000000
40736.000000
40754.000000
40759.000000
40790.000000
40795.000000
40795.000000
40823.000000
40866.000000
40807.000000
40744.000000
40738.000000
40777.000000
40788.000000
40798.000000
40776.000000
40780.000000
40800.000000
40837.000000
40838.000000
40834.000000
40848.000000
40881.000000
40893.000000
40898.000000
40788.000000
40753.000000
40783.000000
40804.000000
40774.000000
40760.000000
40757.000000
40786.000000
40798.000000
40793.000000
40808.000000
40809.000000
40813.000000
40809.000000
40826.000000
40745.000000
40691.000000
40678.000000
40695.000000
40704.000000
40710.000000
40709.000000
40714.000000
40750.000000
40750.000000
40772.000000
40783.000000
40787.000000
40816.000000
40777.000000
40707.000000
40715.000000
40707.000000
40691.000000
40693.000000
40680.000000
40670.000000
40695.000000
40707.000000
40705.000000
40712.000000
40702.000000
40728.000000
40728.000000
40669.000000
40626.000000
40634.000000
40654.000000
40687.000000
40666.000000
40660.000000
40663.000000
40698.000000
40691.000000
40722.000000
40720.000000
40717.000000
40723.000000
40715.000000
40634.000000
40619.000000
40638.000000
40657.000000
40656.000000
40651.000000
40658.000000
40661.000000
40687.000000
40704.000000
40700.000000
40715.000000
40718.000000
40761.000000
40741.000000
40665.000000
40591.000000
40618.000000
40630.000000
40670.000000
40649.000000
40619.000000
40644.000000
40658.000000
40699.000000
40721.000000
40717.000000
40724.000000
40739.000000
40773.000000
40774.000000
40688.000000
40642.000000
40641.000000
40663.000000
40686.000000
40684.000000
40675.000000
40680.000000
40679.000000
40711.000000
40723.000000
40724.000000
40732.000000
40726.000000
40752.000000
40754.000000
40681.000000
40645.000000
40660.000000
40683.000000
40699.000000
40696.000000
40667.000000
40697.000000
40712.000000
40730.000000
40740.000000
40762.000000
40733.000000
40758.000000
40774.000000
40722.000000
40638.000000
40661.000000
40674.000000
40694.000000
40695.000000
40694.000000
40697.000000
40703.000000
40717.000000
40726.000000
40730.000000
40746.000000
40743.000000
40766.000000
40749.000000
40655.000000
40661.000000
40656.000000
40675.000000
40714.000000
40691.000000
40695.000000
40709.000000
40714.000000
40740.000000
40731.000000
40737.000000
40743.000000
40761.000000
40785.000000
40684.000000
40658.000000
40666.000000
40680.000000
40698.000000
40704.000000
40675.000000
40669.000000
40705.000000
40711.000000
40744.000000
40732.000000
40730.000000
40749.000000
40669.000000
40623.000000
40634.000000
40628.000000
40660.000000
40639.000000
40625.000000
40634.000000
40645.000000
40664.000000
40673.000000
40689.000000
40695.000000
40703.000000
40722.000000
40629.000000
40562.000000
40560.000000
40574.000000
40596.000000
40571.000000
40574.000000
40600.000000
40603.000000
40633.000000
40658.000000
40651.000000
40662.000000
40687.000000
40711.000000
40675.000000
40603.000000
40581.000000
40602.000000
40614.000000
40622.000000
40626.000000
40626.000000
40630.000000
40651.000000
40654.000000
40665.000000
40661.000000
40665.000000
40693.000000
40710.000000
40723.000000
40614.000000
40566.000000
40569.000000
40577.000000
40594.000000
40583.000000
40567.000000
40555.000000
40573.000000
40586.000000
40619.000000
40618.000000
40605.000000
40631.000000
40649.000000
40642.000000
40668.000000
40561.000000
40509.000000
40505.000000
40518.000000
40522.000000
40516.000000
40499.000000
40502.000000
40533.000000
40543.000000
40543.000000
40548.000000
40557.000000
40581.000000
40589.000000
40604.000000
40637.000000
40551.000000
40480.000000
40485.000000
40473.000000
40494.000000
40497.000000
40486.000000
40481.000000
40504.000000
40525.000000
40539.000000
40548.000000
40553.000000
40562.000000
40592.000000
40596.000000
40623.000000
40611.000000
40524.000000
40518.000000
40521.000000
40554.000000
40550.000000
40536.000000
40514.000000
40533.000000
40572.000000
40586.000000
40584.000000
40613.000000
40627.000000
40651.000000
40653.000000
40659.000000
40576.000000
40516.000000
40539.000000
40552.000000
40553.000000
40579.000000
40561.000000
40571.000000
40583.000000
40604.000000
40614.000000
40629.000000
40633.000000
40648.000000
40661.000000
40668.000000
40621.000000
40564.000000
40583.000000
40586.000000
40600.000000
40611.000000
40608.000000
40601.000000
40619.000000
40640.000000
40674.000000
40684.000000
40673.000000
40691.000000
40708.000000
40719.000000
40657.000000
40607.000000
40613.000000
40632.000000
40681.000000
40655.000000
40646.000000
40654.000000
40657.000000
40672.000000
40675.000000
40693.000000
40696.000000
40702.000000
40740.000000
40706.000000
40632.000000
40617.000000
40620.000000
40628.000000
40655.000000
40625.000000
40627.000000
40649.000000
40656.000000
40681.000000
40682.000000
40681.000000
40690.000000
40688.000000
40720.000000
40676.000000
40597.000000
40584.000000
40590.000000
40621.000000
40625.000000
40607.000000
40601.000000
40601.000000
40621.000000
40650.000000
40661.000000
40650.000000
40667.000000
40686.000000
40705.000000
40710.000000
40619.000000
40581.000000
40587.000000
40600.000000
40609.000000
40599.000000
40614.000000
40596.000000
40629.000000
40668.000000
40656.000000
40668.000000
40686.000000
40690.000000
40715.000000
40733.000000
40746.000000
40724.000000
40612.000000
40620.000000
40634.000000
40652.000000
40668.000000
40658.000000
40636.000000
40656.000000
40673.000000
40686.000000
40675.000000
40674.000000
40692.000000
40714.000000
40724.000000
40758.000000
40727.000000
40631.000000
40628.000000
40634.000000
40633.000000
40658.000000
40636.000000
40647.000000
40677.000000
40677.000000
40708.000000
40714.000000
40713.000000
40727.000000
40732.000000
40744.000000
40744.000000
40689.000000
40604.000000
40605.000000
40611.000000
40629.000000
40630.000000
40613.000000
40624.000000
40636.000000
40643.000000
40653.000000
40669.000000
40662.000000
40664.000000
40705.000000
40719.000000
40690.000000
40596.000000
40599.000000
40609.000000
40642.000000
40632.000000
40629.000000
40612.000000
40634.000000
40643.000000
40647.000000
40644.000000
40664.000000
40668.000000
40688.000000
40671.000000
40601.000000
40579.000000
40589.000000
40606.000000
40615.000000
40558.000000
40578.000000
40576.000000
40592.000000
40610.000000
40624.000000
40626.000000
40643.000000
40637.000000
40660.000000
40606.000000
40527.000000
40528.000000
40526.000000
40553.000000
40562.000000
40526.000000
40525.000000
40567.000000
40580.000000
40575.000000
40577.000000
40609.000000
40610.000000
40637.000000
40655.000000
40559.000000
40528.000000
40525.000000
40527.000000
40553.000000
40552.000000
40548.000000
40537.000000
40550.000000
40572.000000
40577.000000
40591.000000
40607.000000
40622.000000
40643.000000
40668.000000
40667.000000
40597.000000
40568.000000
40567.000000
40583.000000
40613.000000
40586.000000
40565.000000
40586.000000
40607.000000
40630.000000
40630.000000
40646.000000
40663.000000
40659.000000
40673.000000
40635.000000
40581.000000
40597.000000
40631.000000
40660.000000
40623.000000
40632.000000
40624.000000
40652.000000
40643.000000
40684.000000
40693.000000
40696.000000
40706.000000
40715.000000
40694.000000
40602.000000
40613.000000
40642.000000
40639.000000
40664.000000
40649.000000
40624.000000
40663.000000
40690.000000
40698.000000
40710.000000
40720.000000
40705.000000
40729.000000
40732.000000
40670.000000
40607.000000
40624.000000
40613.000000
40632.000000
40637.000000
40641.000000
40626.000000
40638.000000
40664.000000
40666.000000
40677.000000
40691.000000
40694.000000
40703.000000
40718.000000
40735.000000
40741.000000
40652.000000
40622.000000
40614.000000
40620.000000
40626.000000
40624.000000
40588.000000
40611.000000
40662.000000
40689.000000
40695.000000
40742.000000
40752.000000
40759.000000
40763.000000
40782.000000
40794.000000
40808.000000
40750.000000
40693.000000
40698.000000
40716.000000
40731.000000
40733.000000
40743.000000
40759.000000
40773.000000
40808.000000
40803.000000
40812.000000
40819.000000
40809.000000
40824.000000
40858.000000
40869.000000
40800.000000
40748.000000
40767.000000
40758.000000
40801.000000
40804.000000
40789.000000
40805.000000
40816.000000
40839.000000
40846.000000
40869.000000
40859.000000
40858.000000
40884.000000
40922.000000
40905.000000
40830.000000
40800.000000
40813.000000
40838.000000
40850.000000
40843.000000
40828.000000
40849.000000
40883.000000
40903.000000
40909.000000
40902.000000
40900.000000
40927.000000
40932.000000
40971.000000
40933.000000
40853.000000
40855.000000
40853.000000
40870.000000
40889.000000
40865.000000
40867.000000
40889.000000
40900.000000
40932.000000
40924.000000
40926.000000
40946.000000
40971.000000
40948.000000
40866.000000
40851.000000
40856.000000
40895.000000
40923.000000
40900.000000
40889.000000
40933.000000
40935.000000
40958.000000
40966.000000
40947.000000
40955.000000
40983.000000
40941.000000
40858.000000
40863.000000
40883.000000
40891.000000
40894.000000
40887.000000
40881.000000
40895.000000
40928.000000
40936.000000
40933.000000
40922.000000
40951.000000
40958.000000
40896.000000
40856.000000
40873.000000
40860.000000
40898.000000
40898.000000
40878.000000
40894.000000
40917.000000
40921.000000
40922.000000
40945.000000
40949.000000
40962.000000
40952.000000
40917.000000
40877.000000
40881.000000
40869.000000
40896.000000
40898.000000
40878.000000
40887.000000
40890.000000
40909.000000
40924.000000
40926.000000
40942.000000
40932.000000
40959.000000
40920.000000
40850.000000
40845.000000
40853.000000
40871.000000
40855.000000
40848.000000
40852.000000
40870.000000
40885.000000
40885.000000
40898.000000
40905.000000
40918.000000
40928.000000
40943.000000
40890.000000
40803.000000
40795.000000
40804.000000
40812.000000
40820.000000
40805.000000
40808.000000
40837.000000
40843.000000
40848.000000
40835.000000
40871.000000
40875.000000
40876.000000
40890.000000
40917.000000
40913.000000
40910.000000
40802.000000
40790.000000
40817.000000
40818.000000
40829.000000
40821.000000
40816.000000
40827.000000
40824.000000
40838.000000
40850.000000
40852.000000
40869.000000
40881.000000
40891.000000
40911.000000
40924.000000
40925.000000
40879.000000
40798.000000
40799.000000
40830.000000
40822.000000
40821.000000
40831.000000
40807.000000
40836.000000
40828.000000
40845.000000
40852.000000
40876.000000
40887.000000
40879.000000
40896.000000
40891.000000
40913.000000
40817.000000
40791.000000
40802.000000
40817.000000
40829.000000
40835.000000
40817.000000
40826.000000
40827.000000
40835.000000
40866.000000
40866.000000
40862.000000
40857.000000
40881.000000
40897.000000
40919.000000
40869.000000
40802.000000
40803.000000
40818.000000
40834.000000
40842.000000
40816.000000
40830.000000
40854.000000
40873.000000
40875.000000
40888.000000
40899.000000
40888.000000
40926.000000
40934.000000
40947.000000
40873.000000
40824.000000
40836.000000
40864.000000
40886.000000
40883.000000
40856.000000
40873.000000
40882.000000
40898.000000
40906.000000
40911.000000
40916.000000
40923.000000
40934.000000
40921.000000
40827.000000
40815.000000
40830.000000
40858.000000
40877.000000
40848.000000
40829.000000
40868.000000
40876.000000
40888.000000
40894.000000
40914.000000
40899.000000
40915.000000
40944.000000
40860.000000
40810.000000
40819.000000
40841.000000
40848.000000
40870.000000
40848.000000
40850.000000
40865.000000
40865.000000
40872.000000
40888.000000
40908.000000
40915.000000
40921.000000
40925.000000
40830.000000
40809.000000
40837.000000
40832.000000
40860.000000
40831.000000
40815.000000
40866.000000
40860.000000
40876.000000
40895.000000
40891.000000
40890.000000
40893.000000
40921.000000
40912.000000
40823.000000
40818.000000
40824.000000
40828.000000
40857.000000
40812.000000
40840.000000
40839.000000
40867.000000
40881.000000
40859.000000
40877.000000
40890.000000
40890.000000
40896.000000
40924.000000
40845.000000
40777.000000
40761.000000
40799.000000
40818.000000
40807.000000
40796.000000
40807.000000
40818.000000
40816.000000
40852.000000
40843.000000
40840.000000
40857.000000
40870.000000
40876.000000
40876.000000
40897.000000
40868.000000
40766.000000
40786.000000
40764.000000
40789.000000
40775.000000
40800.000000
40773.000000
40799.000000
40815.000000
40833.000000
40828.000000
40850.000000
40851.000000
40857.000000
40874.000000
40886.000000
40912.000000
40901.000000
40872.000000
40776.000000
40777.000000
40791.000000
40822.000000
40830.000000
40810.000000
40811.000000
40835.000000
40847.000000
40857.000000
40845.000000
40856.000000
40857.000000
40870.000000
40880.000000
40899.000000
40882.000000
40796.000000
40749.000000
40790.000000
40810.000000
40800.000000
40806.000000
40797.000000
40816.000000
40841.000000
40839.000000
40849.000000
40860.000000
40856.000000
40877.000000
40884.000000
40923.000000
40925.000000
40849.000000
40789.000000
40791.000000
40800.000000
40803.000000
40816.000000
40810.000000
40793.000000
40816.000000
40854.000000
40850.000000
40874.000000
40852.000000
40867.000000
40891.000000
40920.000000
40935.000000
40900.000000
40814.000000
40814.000000
40808.000000
40835.000000
40842.000000
40817.000000
40823.000000
40826.000000
40867.000000
40858.000000
40879.000000
40876.000000
40894.000000
40909.000000
40935.000000
40940.000000
40892.000000
40811.000000
40832.000000
40828.000000
40864.000000
40854.000000
40836.000000
40842.000000
40854.000000
40879.000000
40913.000000
40912.000000
40898.000000
40891.000000
40922.000000
40921.000000
40881.000000
40797.000000
40815.000000
40828.000000
40843.000000
40846.000000
40839.000000
40820.000000
40850.000000
40856.000000
40888.000000
40909.000000
40917.000000
40906.000000
40928.000000
40938.000000
40944.000000
40841.000000
40789.000000
40814.000000
40833.000000
40849.000000
40834.000000
40828.000000
40845.000000
40866.000000
40855.000000
40870.000000
40888.000000
40891.000000
40900.000000
40929.000000
40947.000000
40939.000000
40868.000000
40810.000000
40829.000000
40803.000000
40826.000000
40829.000000
40829.000000
40846.000000
40849.000000
40880.000000
40886.000000
40883.000000
40879.000000
40908.000000
40913.000000
40937.000000
40941.000000
40838.000000
40805.000000
40835.000000
40832.000000
40851.000000
40852.000000
40827.000000
40848.000000
40862.000000
40878.000000
40891.000000
40909.000000
40905.000000
40905.000000
40922.000000
40922.000000
40870.000000
40791.000000
40799.000000
40809.000000
40810.000000
40827.000000
40821.000000
40806.000000
40834.000000
40840.000000
40839.000000
40865.000000
40866.000000
40871.000000
40898.000000
40903.000000
40878.000000
40781.000000
40760.000000
40768.000000
40785.000000
40810.000000
40777.000000
40771.000000
40809.000000
40816.000000
40821.000000
40841.000000
40856.000000
40864.000000
40869.000000
40911.000000
40912.000000
40855.000000
40765.000000
40774.000000
40781.000000
40796.000000
40792.000000
40786.000000
40769.000000
40806.000000
40819.000000
40832.000000
40835.000000
40839.000000
40844.000000
40848.000000
40883.000000
40871.000000
40802.000000
40739.000000
40752.000000
40756.000000
40768.000000
40759.000000
40744.000000
40760.000000
40788.000000
40808.000000
40792.000000
40816.000000
40827.000000
40844.000000
40832.000000
40850.000000
40875.000000
40819.000000
40729.000000
40719.000000
40728.000000
40753.000000
40767.000000
40730.000000
40747.000000
40754.000000
40771.000000
40789.000000
40790.000000
40802.000000
40804.000000
40818.000000
40837.000000
40856.000000
40864.000000
40831.000000
40724.000000
40720.000000
40739.000000
40754.000000
40766.000000
40753.000000
40755.000000
40763.000000
40787.000000
40807.000000
40815.000000
40804.000000
40834.000000
40847.000000
40870.000000
40887.000000
40914.000000
40905.000000
40739.000000
40763.000000
40773.000000
40780.000000
40796.000000
40770.000000
40792.000000
40800.000000
40831.000000
40838.000000
40857.000000
40853.000000
40850.000000
40871.000000
40868.000000
40904.000000
40919.000000
40838.000000
40773.000000
40756.000000
40788.000000
40802.000000
40801.000000
40800.000000
40807.000000
40812.000000
40836.000000
40847.000000
40842.000000
40851.000000
40873.000000
40883.000000
40900.000000
40916.000000
40876.000000
40772.000000
40773.000000
40797.000000
40809.000000
40823.000000
40816.000000
40804.000000
40820.000000
40837.000000
40859.000000
40880.000000
40875.000000
40883.000000
40932.000000
40914.000000
40949.000000
40940.000000
40828.000000
40818.000000
40817.000000
40846.000000
40858.000000
40840.000000
40837.000000
40849.000000
40871.000000
40885.000000
40885.000000
40898.000000
40895.000000
40935.000000
40933.000000
40930.000000
40838.000000
40796.000000
40824.000000
40826.000000
40829.000000
40799.000000
40805.000000
40798.000000
40824.000000
40832.000000
40848.000000
40863.000000
40850.000000
40861.000000
40904.000000
40879.000000
40783.000000
40744.000000
40748.000000
40758.000000
40775.000000
40756.000000
40764.000000
40764.000000
40805.000000
40843.000000
40861.000000
40906.000000
40920.000000
40963.000000
41009.000000
41003.000000
40897.000000
40834.000000
40786.000000
40788.000000
40770.000000
40738.000000
40692.000000
40656.000000
40637.000000
40648.000000
40645.000000
40618.000000
40625.000000
40602.000000
40590.000000
40632.000000
40612.000000
40469.000000
40442.000000
40452.000000
40433.000000
40449.000000
40435.000000
40402.000000
40398.000000
40421.000000
40430.000000
40436.000000
40439.000000
40445.000000
40465.000000
40492.000000
40480.000000
40382.000000
40335.000000
40323.000000
40321.000000
40344.000000
40349.000000
40325.000000
40350.000000
40357.000000
40377.000000
40387.000000
40385.000000
40407.000000
40436.000000
40428.000000
40463.000000
40480.000000
40500.000000
40434.000000
40358.000000
40333.000000
40339.000000
40340.000000
40353.000000
40338.000000
40357.000000
40355.000000
40382.000000
40394.000000
40396.000000
40430.000000
40406.000000
40426.000000
40432.000000
40445.000000
40469.000000
40475.000000
40508.000000
40421.000000
40363.000000
40352.000000
40359.000000
40383.000000
40370.000000
40374.000000
40367.000000
40398.000000
40421.000000
40416.000000
40425.000000
40436.000000
40440.000000
40476.000000
40492.000000
40504.000000
40510.000000
40523.000000
40533.000000
40474.000000
40419.000000
40407.000000
40436.000000
40440.000000
40438.000000
40421.000000
40426.000000
40436.000000
40453.000000
40455.000000
40463.000000
40469.000000
40465.000000
40476.000000
40518.000000
40528.000000
40544.000000
40502.000000
40422.000000
40414.000000
40426.000000
40452.000000
40460.000000
40445.000000
40451.000000
40473.000000
40478.000000
40505.000000
40519.000000
40526.000000
40535.000000
40549.000000
40590.000000
40602.000000
40607.000000
40582.000000
40491.000000
40470.000000
40485.000000
40504.000000
40524.000000
40525.000000
40529.000000
40529.000000
40559.000000
40569.000000
40598.000000
40601.000000
40606.000000
40622.000000
40630.000000
40655.000000
40604.000000
40532.000000
40526.000000
40549.000000
40563.000000
40577.000000
40561.000000
40553.000000
40566.000000
40592.000000
40607.000000
40623.000000
40606.000000
40635.000000
40638.000000
40623.000000
40520.000000
40519.000000
40525.000000
40548.000000
40573.000000
40546.000000
40543.000000
40557.000000
40568.000000
40603.000000
40617.000000
40602.000000
40615.000000
40631.000000
40647.000000
40565.000000
40495.000000
40498.000000
40512.000000
40542.000000
40528.000000
40526.000000
40508.000000
40555.000000
40548.000000
40571.000000
40576.000000
40583.000000
40605.000000
40608.000000
40577.000000
40492.000000
40475.000000
40505.000000
40508.000000
40515.000000
40487.000000
40495.000000
40519.000000
40526.000000
40539.000000
40536.000000
40549.000000
40568.000000
40603.000000
40605.000000
40555.000000
40462.000000
40444.000000
40457.000000
40484.000000
40484.000000
40474.000000
40476.000000
40485.000000
40506.000000
40521.000000
40528.000000
40526.000000
40528.000000
40536.000000
40557.000000
40582.000000
40519.000000
40425.000000
40419.000000
40420.000000
40422.000000
40411.000000
40400.000000
40387.000000
40414.000000
40429.000000
40451.000000
40442.000000
40446.000000
40477.000000
40490.000000
40490.000000
40518.000000
40489.000000
40382.000000
40367.000000
40380.000000
40369.000000
40390.000000
40369.000000
40367.000000
40385.000000
40391.000000
40413.000000
40421.000000
40416.000000
40440.000000
40444.000000
40487.000000
40498.000000
40530.000000
40510.000000
40467.000000
40357.000000
40356.000000
40364.000000
40381.000000
40391.000000
40350.000000
40356.000000
40380.000000
40399.000000
40422.000000
40434.000000
40428.000000
40443.000000
40467.000000
40470.000000
40487.000000
40499.000000
40462.000000
40353.000000
40351.000000
40363.000000
40362.000000
40373.000000
40338.000000
40367.000000
40379.000000
40415.000000
40420.000000
40412.000000
40420.000000
40450.000000
40463.000000
40479.000000
40508.000000
40530.000000
40522.000000
40428.000000
40388.000000
40405.000000
40406.000000
40426.000000
40422.000000
40418.000000
40419.000000
40458.000000
40470.000000
40487.000000
40489.000000
40514.000000
40510.000000
40536.000000
40552.000000
40570.000000
40579.000000
40491.000000
40458.000000
40441.000000
40453.000000
40492.000000
40499.000000
40471.000000
40477.000000
40495.000000
40550.000000
40541.000000
40550.000000
40567.000000
40556.000000
40591.000000
40608.000000
40568.000000
40473.000000
40461.000000
40489.000000
40517.000000
40527.000000
40498.000000
40507.000000
40529.000000
40549.000000
40576.000000
40588.000000
40581.000000
40588.000000
40616.000000
40620.000000
40626.000000
40529.000000
40491.000000
40508.000000
40518.000000
40549.000000
40540.000000
40524.000000
40542.000000
40558.000000
40592.000000
40582.000000
40590.000000
40604.000000
40621.000000
40637.000000
40652.000000
40542.000000
40512.000000
40538.000000
40574.000000
40591.000000
40579.000000
40567.000000
40583.000000
40603.000000
40597.000000
40604.000000
40612.000000
40624.000000
40639.000000
40649.000000
40576.000000
40539.000000
40525.000000
40537.000000
40544.000000
40540.000000
40524.000000
40545.000000
40553.000000
40567.000000
40579.000000
40571.000000
40591.000000
40615.000000
40613.000000
40545.000000
40487.000000
40492.000000
40487.000000
40521.000000
40518.000000
40486.000000
40499.000000
40504.000000
40507.000000
40535.000000
40560.000000
40557.000000
40552.000000
40586.000000
40591.000000
40491.000000
40449.000000
40473.000000
40473.000000
40477.000000
40471.000000
40467.000000
40494.000000
40490.000000
40528.000000
40519.000000
40531.000000
40538.000000
40557.000000
40589.000000
40547.000000
40457.000000
40423.000000
40437.000000
40466.000000
40476.000000
40462.000000
40464.000000
40472.000000
40484.000000
40500.000000
40511.000000
40505.000000
40511.000000
40552.000000
40550.000000
40481.000000
40385.000000
40391.000000
40390.000000
40406.000000
40410.000000
40403.000000
40405.000000
40428.000000
40451.000000
40441.000000
40456.000000
40447.000000
40470.000000
40487.000000
40500.000000
40401.000000
40374.000000
40363.000000
40368.000000
40406.000000
40392.000000
40376.000000
40399.000000
40432.000000
40442.000000
40445.000000
40451.000000
40463.000000
40473.000000
40516.000000
40515.000000
40541.000000
40480.000000
40410.000000
40384.000000
40426.000000
40445.000000
40428.000000
40414.000000
40432.000000
40466.000000
40465.000000
40461.000000
40471.000000
40459.000000
40479.000000
40500.000000
40515.000000
40519.000000
40502.000000
40413.000000
40407.000000
40426.000000
40446.000000
40437.000000
40436.000000
40434.000000
40449.000000
40463.000000
40483.000000
40481.000000
40498.000000
40525.000000
40547.000000
40578.000000
40601.000000
40588.000000
40512.000000
40447.000000
40457.000000
40466.000000
40465.000000
40471.000000
40459.000000
40472.000000
40492.000000
40496.000000
40503.000000
40506.000000
40489.000000
40498.000000
40518.000000
40535.000000
40545.000000
40522.000000
40428.000000
40415.000000
40441.000000
40460.000000
40476.000000
40469.000000
40500.000000
40553.000000
40574.000000
40575.000000
40615.000000
40621.000000
40624.000000
40623.000000
40626.000000
40628.000000
40582.000000
40520.000000
40536.000000
40541.000000
40560.000000
40549.000000
40541.000000
40548.000000
40589.000000
40598.000000
40594.000000
40615.000000
40609.000000
40616.000000
40649.000000
40620.000000
40547.000000
40542.000000
40548.000000
40574.000000
40575.000000
40567.000000
40571.000000
40589.000000
40623.000000
40632.000000
40607.000000
40638.000000
40640.000000
40656.000000
40655.000000
40594.000000
40557.000000
40564.000000
40583.000000
40602.000000
40596.000000
40589.000000
40584.000000
40602.000000
40618.000000
40626.000000
40613.000000
40613.000000
40651.000000
40605.000000
40556.000000
40557.000000
40558.000000
40578.000000
40558.000000
40565.000000
40562.000000
40591.000000
40622.000000
40625.000000
40638.000000
40649.000000
40672.000000
40660.000000
40579.000000
40548.000000
40552.000000
40553.000000
40582.000000
40566.000000
40583.000000
40581.000000
40619.000000
40605.000000
40619.000000
40621.000000
40635.000000
40666.000000
40589.000000
40556.000000
40557.000000
40571.000000
40582.000000
40594.000000
40589.000000
40608.000000
40619.000000
40660.000000
40643.000000
40657.000000
40668.000000
40688.000000
40695.000000
40691.000000
40597.000000
40565.000000
40577.000000
40598.000000
40592.000000
40588.000000
40593.000000
40597.000000
40644.000000
40633.000000
40645.000000
40671.000000
40677.000000
40683.000000
40733.000000
40682.000000
40612.000000
40626.000000
40631.000000
40632.000000
40616.000000
40597.000000
40614.000000
40601.000000
40620.000000
40623.000000
40607.000000
40620.000000
40637.000000
40653.000000
40666.000000
40675.000000
40570.000000
40528.000000
40570.000000
40581.000000
40592.000000
40591.000000
40582.000000
40597.000000
40631.000000
40649.000000
40660.000000
40674.000000
40682.000000
40708.000000
40723.000000
40725.000000
40693.000000
40642.000000
40643.000000
40673.000000
40715.000000
40714.000000
40696.000000
40717.000000
40710.000000
40725.000000
40731.000000
40741.000000
40742.000000
40741.000000
40753.000000
40758.000000
40663.000000
40645.000000
40659.000000
40689.000000
40699.000000
40684.000000
40680.000000
40699.000000
40721.000000
40719.000000
40743.000000
40749.000000
40764.000000
40776.000000
40806.000000
40738.000000
40685.000000
40687.000000
40678.000000
40706.000000
40669.000000
40629.000000
40643.000000
40684.000000
40711.000000
40732.000000
40723.000000
40727.000000
40747.000000
40702.000000
40611.000000
40616.000000
40621.000000
40652.000000
40647.000000
40620.000000
40636.000000
40659.000000
40696.000000
40725.000000
40736.000000
40759.000000
40781.000000
40714.000000
40653.000000
40665.000000
40684.000000
40728.000000
40731.000000
40714.000000
40715.000000
40726.000000
40750.000000
40749.000000
40772.000000
40749.000000
40681.000000
40610.000000
40614.000000
40613.000000
40647.000000
40640.000000
40602.000000
40625.000000
40637.000000
40652.000000
40668.000000
40679.000000
40671.000000
40627.000000
40579.000000
40567.000000
40568.000000
40598.000000
40583.000000
40560.000000
40570.000000
40567.000000
40603.000000
40610.000000
40622.000000
40638.000000
40642.000000
40567.000000
40520.000000
40500.000000
40514.000000
40556.000000
40525.000000
40516.000000
40530.000000
40560.000000
40567.000000
40579.000000
40574.000000
40577.000000
40601.000000
40570.000000
40494.000000
40472.000000
40491.000000
40519.000000
40517.000000
40480.000000
40496.000000
40544.000000
40543.000000
40569.000000
40578.000000
40562.000000
40581.000000
40559.000000
40488.000000
40460.000000
40448.000000
40475.000000
40479.000000
40447.000000
40463.000000
40483.000000
40525.000000
40529.000000
40520.000000
40562.000000
40562.000000
40556.000000
40513.000000
40414.000000
40385.000000
40372.000000
40408.000000
40433.000000
40409.000000
40458.000000
40467.000000
40470.000000
40495.000000
40492.000000
40506.000000
40516.000000
40556.000000
40563.000000
40531.000000
40439.000000
40430.000000
40442.000000
40464.000000
40469.000000
40444.000000
40457.000000
40481.000000
40499.000000
40532.000000
40542.000000
40530.000000
40560.000000
40585.000000
40608.000000
40587.000000
40477.000000
40477.000000
40483.000000
40506.000000
40515.000000
40471.000000
40474.000000
40488.000000
40518.000000
40538.000000
40524.000000
40558.000000
40558.000000
40576.000000
40572.000000
40464.000000
40439.000000
40452.000000
40450.000000
40498.000000
40452.000000
40433.000000
40458.000000
40481.000000
40512.000000
40506.000000
40542.000000
40539.000000
40557.000000
40593.000000
40540.000000
40432.000000
40448.000000
40431.000000
40472.000000
40478.000000
40440.000000
40452.000000
40472.000000
40490.000000
40525.000000
40518.000000
40546.000000
40568.000000
40593.000000
40606.000000
40523.000000
40445.000000
40463.000000
40479.000000
40498.000000
40482.000000
40467.000000
40473.000000
40513.000000
40563.000000
40571.000000
40579.000000
40578.000000
40570.000000
40583.000000
40489.000000
40458.000000
40472.000000
40504.000000
40534.000000
40507.000000
40504.000000
40529.000000
40538.000000
40550.000000
40564.000000
40589.000000
40595.000000
40622.000000
40525.000000
40443.000000
40466.000000
40461.000000
40503.000000
40512.000000
40506.000000
40880.000000
40839.000000
40729.000000
40726.000000
40746.000000
40708.000000
40656.000000
40612.000000
40502.000000
40473.000000
40474.000000
40478.000000
40497.000000
40498.000000
40487.000000
40505.000000
40511.000000
40521.000000
40516.000000
40535.000000
40546.000000
40556.000000
40464.000000
40424.000000
40415.000000
40441.000000
40468.000000
40450.000000
40435.000000
40446.000000
40467.000000
40477.000000
40465.000000
40483.000000
40492.000000
40480.000000
40413.000000
40362.000000
40342.000000
40343.000000
40352.000000
40341.000000
40305.000000
40313.000000
40323.000000
40337.000000
40358.000000
40375.000000
40414.000000
40459.000000
40441.000000
40315.000000
40294.000000
40275.000000
40276.000000
40287.000000
40265.000000
40292.000000
40303.000000
40333.000000
40325.000000
40330.000000
40322.000000
40358.000000
40390.000000
40361.000000
40301.000000
40300.000000
40316.000000
40364.000000
40375.000000
40338.000000
40344.000000
40368.000000
40392.000000
40414.000000
40420.000000
40409.000000
40434.000000
40467.000000
40467.000000
40477.000000
40468.000000
40379.000000
40318.000000
40314.000000
40336.000000
40370.000000
40350.000000
40339.000000
40373.000000
40403.000000
40408.000000
40420.000000
40402.000000
40429.000000
40439.000000
40444.000000
40480.000000
40485.000000
40480.000000
40407.000000
40325.000000
40348.000000
40370.000000
40407.000000
40454.000000
40455.000000
40454.000000
40445.000000
40420.000000
40385.000000
40376.000000
40364.000000
40370.000000
40397.000000
40465.000000
40627.000000
40894.000000
41153.000000
41121.000000
40930.000000
40719.000000
40614.000000
40540.000000
40456.000000
40383.000000
40315.000000
40270.000000
40257.000000
40228.000000
40254.000000
40233.000000
40232.000000
40236.000000
40271.000000
40294.000000
40315.000000
40338.000000
40361.000000
40306.000000
40224.000000
40216.000000
40213.000000
40236.000000
40269.000000
40251.000000
40240.000000
40268.000000
40286.000000
40289.000000
40321.000000
40300.000000
40326.000000
40337.000000
40365.000000
40383.000000
40327.000000
40270.000000
40242.000000
40275.000000
40285.000000
40294.000000
40282.000000
40272.000000
40296.000000
40326.000000
40330.000000
40350.000000
40355.000000
40364.000000
40375.000000
40395.000000
40397.000000
40342.000000
40292.000000
40318.000000
40310.000000
40334.000000
40324.000000
40304.000000
40313.000000
40343.000000
40371.000000
40378.000000
40389.000000
40389.000000
40407.000000
40425.000000
40470.000000
40450.000000
40375.000000
40340.000000
40364.000000
40380.000000
40403.000000
40398.000000
40369.000000
40407.000000
40421.000000
40455.000000
40468.000000
40489.000000
40480.000000
40505.000000
40497.000000
40514.000000
40424.000000
40406.000000
40422.000000
40456.000000
40471.000000
40460.000000
40451.000000
40462.000000
40506.000000
40521.000000
40517.000000
40522.000000
40540.000000
40540.000000
40540.000000
40460.000000
40430.000000
40440.000000
40461.000000
40470.000000
40458.000000
40452.000000
40466.000000
40486.000000
40482.000000
40516.000000
40525.000000
40498.000000
40530.000000
40536.000000
40458.000000
40434.000000
40431.000000
40426.000000
40461.000000
40461.000000
40467.000000
40481.000000
40499.000000
40526.000000
40529.000000
40555.000000
40559.000000
40551.000000
40588.000000
40591.000000
40520.000000
40477.000000
40470.000000
40479.000000
40488.000000
40496.000000
40484.000000
40495.000000
40496.000000
40525.000000
40530.000000
40529.000000
40557.000000
40551.000000
40579.000000
40591.000000
40595.000000
40543.000000
40470.000000
40477.000000
40477.000000
40502.000000
40491.000000
40472.000000
40465.000000
40493.000000
40497.000000
40507.000000
40509.000000
40496.000000
40523.000000
40525.000000
40544.000000
40565.000000
40480.000000
40407.000000
40418.000000
40434.000000
40454.000000
40443.000000
40424.000000
40426.000000
40431.000000
40445.000000
40454.000000
40464.000000
40461.000000
40487.000000
40492.000000
40499.000000
40510.000000
40488.000000
40398.000000
40389.000000
40395.000000
40434.000000
40418.000000
40407.000000
40396.000000
40423.000000
40448.000000
40447.000000
40469.000000
40467.000000
40490.000000
40499.000000
40507.000000
40531.000000
40532.000000
40482.000000
40411.000000
40398.000000
40409.000000
40449.000000
40436.000000
40418.000000
40415.000000
40447.000000
40458.000000
40469.000000
40478.000000
40477.000000
40498.000000
40517.000000
40519.000000
40546.000000
40479.000000
40412.000000
40414.000000
40426.000000
40430.000000
40423.000000
40408.000000
40402.000000
40422.000000
40447.000000
40470.000000
40458.000000
40464.000000
40478.000000
40490.000000
40505.000000
40521.000000
40500.000000
40413.000000
40396.000000
40398.000000
40426.000000
40421.000000
40434.000000
40417.000000
40422.000000
40448.000000
40456.000000
40473.000000
40471.000000
40491.000000
40515.000000
40519.000000
40535.000000
40540.000000
40461.000000
40443.000000
40445.000000
40461.000000
40498.000000
40473.000000
40458.000000
40492.000000
40510.000000
40498.000000
40529.000000
40530.000000
40531.000000
40559.000000
40560.000000
40530.000000
40451.000000
40462.000000
40461.000000
40501.000000
40486.000000
40487.000000
40493.000000
40504.000000
40514.000000
40510.000000
40527.000000
40547.000000
40536.000000
40567.000000
40569.000000
40488.000000
40451.000000
40462.000000
40465.000000
40476.000000
40463.000000
40462.000000
40470.000000
40500.000000
40508.000000
40519.000000
40532.000000
40544.000000
40547.000000
40554.000000
40531.000000
40458.000000
40464.000000
40447.000000
40479.000000
40488.000000
40474.000000
40464.000000
40473.000000
40514.000000
40510.000000
40523.000000
40527.000000
40543.000000
40549.000000
40564.000000
40563.000000
40460.000000
40460.000000
40462.000000
40480.000000
40484.000000
40469.000000
40471.000000
40494.000000
40517.000000
40521.000000
40506.000000
40515.000000
40530.000000
40532.000000
40554.000000
40520.000000
40431.000000
40422.000000
40438.000000
40453.000000
40459.000000
40461.000000
40464.000000
40464.000000
40479.000000
40491.000000
40498.000000
40493.000000
40509.000000
40527.000000
40522.000000
40549.000000
40558.000000
40498.000000
40434.000000
40454.000000
40456.000000
40489.000000
40475.000000
40493.000000
40497.000000
40521.000000
40528.000000
40530.000000
40532.000000
40526.000000
40559.000000
40574.000000
40586.000000
40603.000000
40603.000000
40559.000000
40495.000000
40500.000000
40528.000000
40550.000000
40538.000000
40530.000000
40551.000000
40551.000000
40559.000000
40577.000000
40582.000000
40586.000000
40616.000000
40596.000000
40628.000000
40643.000000
40605.000000
40532.000000
40523.000000
40553.000000
40552.000000
40566.000000
40570.000000
40552.000000
40580.000000
40582.000000
40612.000000
40611.000000
40623.000000
40633.000000
40645.000000
40649.000000
40662.000000
40625.000000
40551.000000
40540.000000
40565.000000
40585.000000
40584.000000
40585.000000
40590.000000
40621.000000
40650.000000
40659.000000
40650.000000
40653.000000
40671.000000
40689.000000
40702.000000
40708.000000
40664.000000
40590.000000
40603.000000
40626.000000
40670.000000
40647.000000
40631.000000
40644.000000
40651.000000
40671.000000
40677.000000
40681.000000
40700.000000
40713.000000
40716.000000
40702.000000
40638.000000
40605.000000
40645.000000
40665.000000
40645.000000
40642.000000
40659.000000
40664.000000
40695.000000
40692.000000
40703.000000
40685.000000
40692.000000
40722.000000
40708.000000
40624.000000
40585.000000
40614.000000
40629.000000
40630.000000
40637.000000
40639.000000
40634.000000
40659.000000
40663.000000
40669.000000
40672.000000
40696.000000
40712.000000
40709.000000
40642.000000
40598.000000
40613.000000
40613.000000
40638.000000
40636.000000
40629.000000
40647.000000
40668.000000
40666.000000
40692.000000
40687.000000
40680.000000
40709.000000
40735.000000
40744.000000
40697.000000
40620.000000
40621.000000
40634.000000
40661.000000
40642.000000
40624.000000
40622.000000
40662.000000
40666.000000
40683.000000
40688.000000
40683.000000
40680.000000
40722.000000
40705.000000
40691.000000
40610.000000
40606.000000
40621.000000
40622.000000
40616.000000
40601.000000
40603.000000
40651.000000
40654.000000
40647.000000
40651.000000
40659.000000
40683.000000
40685.000000
40688.000000
40713.000000
40702.000000
40648.000000
40577.000000
40579.000000
40582.000000
40588.000000
40583.000000
40555.000000
40576.000000
40581.000000
40580.000000
40620.000000
40630.000000
40624.000000
40644.000000
40653.000000
40690.000000
40688.000000
40701.000000
40709.000000
40671.000000
40597.000000
40570.000000
40597.000000
40607.000000
40607.000000
40598.000000
40590.000000
40617.000000
40617.000000
40634.000000
40641.000000
40653.000000
40656.000000
40660.000000
40670.000000
40698.000000
40689.000000
40700.000000
40618.000000
40579.000000
40583.000000
40592.000000
40610.000000
40602.000000
40594.000000
40604.000000
40628.000000
40636.000000
40640.000000
40637.000000
40651.000000
40661.000000
40654.000000
40686.000000
40696.000000
40716.000000
40691.000000
40593.000000
40599.000000
40591.000000
40617.000000
40628.000000
40601.000000
40603.000000
40628.000000
40642.000000
40665.000000
40666.000000
40670.000000
40668.000000
40696.000000
40717.000000
40716.000000
40757.000000
40753.000000
40713.000000
40646.000000
40635.000000
40661.000000
40677.000000
40689.000000
40673.000000
40695.000000
40705.000000
40716.000000
40719.000000
40727.000000
40735.000000
40738.000000
40753.000000
40773.000000
40785.000000
40740.000000
40656.000000
40638.000000
40660.000000
40702.000000
40715.000000
40701.000000
40727.000000
40752.000000
40771.000000
40785.000000
40771.000000
40791.000000
40760.000000
40791.000000
40806.000000
40716.000000
40649.000000
40678.000000
40685.000000
40717.000000
40707.000000
40694.000000
40695.000000
40713.000000
40754.000000
40766.000000
40766.000000
40790.000000
40820.000000
40834.000000
40760.000000
40703.000000
40698.000000
40729.000000
40762.000000
40772.000000
40732.000000
40764.000000
40803.000000
40827.000000
40828.000000
40838.000000
40852.000000
40886.000000
40885.000000
40795.000000
40761.000000
40756.000000
40780.000000
40776.000000
40770.000000
40776.000000
40818.000000
40848.000000
40862.000000
40858.000000
40827.000000
40839.000000
40827.000000
40714.000000
40694.000000
40712.000000
40729.000000
40730.000000
40715.000000
40699.000000
40714.000000
40758.000000
40760.000000
40768.000000
40748.000000
40777.000000
40822.000000
40748.000000
