42651.000000
42307.000000
42142.000000
42079.000000
42021.000000
41987.000000
41925.000000
41835.000000
41730.000000
41560.000000
41212.000000
41161.000000
41171.000000
41186.000000
41208.000000
41171.000000
41151.000000
41154.000000
41162.000000
41150.000000
41137.000000
41127.000000
41100.000000
41108.000000
41107.000000
40926.000000
40798.000000
40796.000000
40835.000000
40826.000000
40799.000000
40752.000000
40724.000000
40753.000000
40770.000000
40773.000000
40761.000000
40799.000000
40810.000000
40835.000000
40858.000000
40906.000000
40895.000000
40630.000000
40383.000000
40410.000000
40481.000000
40496.000000
40504.000000
40443.000000
40463.000000
40518.000000
40547.000000
40557.000000
40581.000000
40575.000000
40599.000000
40638.000000
40656.000000
40676.000000
40656.000000
40378.000000
40348.000000
40344.000000
40387.000000
40408.000000
40355.000000
40377.000000
40438.000000
40507.000000
40561.000000
40582.000000
40605.000000
40628.000000
40634.000000
40655.000000
40673.000000
40428.000000
40379.000000
40404.000000
40397.000000
40462.000000
40443.000000
40405.000000
40427.000000
40467.000000
40510.000000
40522.000000
40543.000000
40538.000000
40539.000000
40538.000000
40328.000000
40271.000000
40295.000000
40341.000000
40402.000000
40384.000000
40360.000000
40383.000000
40440.000000
40466.000000
40479.000000
40495.000000
40546.000000
40553.000000
40389.000000
40327.000000
40376.000000
40399.000000
40445.000000
40416.000000
40402.000000
40421.000000
40439.000000
40457.000000
40465.000000
40467.000000
40467.000000
40335.000000
40241.000000
40280.000000
40298.000000
40312.000000
40293.000000
40261.000000
40287.000000
40308.000000
40313.000000
40321.000000
40319.000000
40336.000000
40275.000000
40114.000000
40099.000000
40111.000000
40150.000000
40162.000000
40148.000000
40150.000000
40164.000000
40199.000000
40204.000000
40206.000000
40211.000000
40228.000000
40225.000000
40263.000000
40265.000000
40289.000000
40317.000000
40304.000000
40338.000000
40346.000000
40357.000000
40403.000000
40371.000000
40118.000000
40113.000000
40122.000000
40124.000000
40168.000000
40156.000000
40124.000000
40167.000000
40203.000000
40218.000000
40231.000000
40231.000000
40239.000000
40260.000000
40272.000000
40291.000000
40291.000000
40325.000000
40317.000000
40178.000000
40113.000000
40185.000000
40245.000000
40304.000000
40291.000000
40280.000000
40304.000000
40318.000000
40344.000000
40353.000000
40367.000000
40361.000000
40377.000000
40397.000000
40405.000000
40444.000000
40442.000000
40421.000000
40223.000000
40198.000000
40217.000000
40238.000000
40261.000000
40232.000000
40212.000000
40228.000000
40245.000000
40260.000000
40262.000000
40281.000000
40284.000000
40307.000000
40309.000000
40337.000000
40357.000000
40330.000000
40144.000000
40106.000000
40144.000000
40163.000000
40201.000000
40170.000000
40135.000000
40161.000000
40209.000000
40227.000000
40226.000000
40236.000000
40243.000000
40273.000000
40270.000000
40332.000000
40243.000000
40113.000000
40130.000000
40119.000000
40125.000000
40144.000000
40107.000000
40098.000000
40141.000000
40153.000000
40172.000000
40168.000000
40178.000000
40198.000000
40199.000000
40260.000000
40243.000000
40069.000000
40018.000000
40047.000000
40066.000000
40095.000000
40106.000000
40093.000000
40106.000000
40138.000000
40165.000000
40176.000000
40185.000000
40196.000000
40215.000000
40231.000000
40287.000000
40290.000000
40165.000000
40077.000000
40093.000000
40129.000000
40156.000000
40149.000000
40100.000000
40122.000000
40175.000000
40197.000000
40208.000000
40204.000000
40224.000000
40256.000000
40303.000000
40331.000000
40217.000000
39970.000000
39852.000000
40037.000000
39905.000000
39870.000000
39829.000000
39813.000000
39935.000000
40020.000000
40059.000000
40104.000000
40157.000000
40205.000000
40201.000000
40256.000000
40211.000000
40081.000000
40060.000000
40088.000000
40102.000000
40133.000000
40140.000000
40159.000000
40180.000000
40235.000000
40267.000000
40305.000000
40312.000000
40352.000000
40348.000000
40372.000000
40341.000000
40168.000000
40092.000000
40108.000000
40105.000000
40118.000000
40120.000000
40098.000000
40101.000000
40114.000000
40137.000000
40165.000000
40167.000000
40169.000000
40180.000000
40187.000000
40207.000000
40216.000000
40107.000000
39988.000000
40005.000000
40013.000000
40032.000000
40033.000000
40005.000000
40014.000000
40015.000000
40071.000000
40065.000000
40061.000000
40097.000000
40102.000000
40114.000000
40142.000000
40171.000000
40059.000000
39937.000000
39951.000000
39962.000000
39984.000000
40001.000000
39968.000000
39978.000000
40007.000000
40036.000000
40031.000000
40049.000000
40062.000000
40077.000000
40082.000000
40113.000000
40132.000000
40103.000000
39917.000000
39912.000000
39921.000000
39933.000000
39958.000000
39932.000000
39936.000000
39947.000000
39964.000000
39990.000000
40003.000000
40018.000000
40023.000000
40038.000000
40066.000000
40092.000000
40125.000000
40043.000000
39920.000000
39928.000000
39999.000000
40121.000000
40175.000000
40145.000000
40123.000000
40132.000000
40099.000000
40087.000000
40078.000000
40080.000000
40081.000000
40096.000000
40104.000000
40130.000000
40076.000000
39929.000000
39937.000000
39958.000000
39971.000000
39996.000000
39991.000000
39972.000000
40015.000000
40028.000000
40042.000000
40074.000000
40054.000000
40067.000000
40089.000000
40111.000000
40145.000000
40109.000000
39953.000000
39944.000000
39971.000000
39986.000000
39999.000000
39995.000000
39974.000000
39990.000000
40046.000000
40048.000000
40067.000000
40062.000000
40090.000000
40104.000000
40119.000000
40150.000000
40105.000000
39954.000000
39941.000000
39964.000000
39977.000000
40013.000000
39986.000000
39990.000000
40006.000000
40023.000000
40029.000000
40052.000000
40058.000000
40068.000000
40090.000000
40098.000000
40097.000000
39943.000000
39924.000000
39973.000000
40024.000000
40026.000000
39995.000000
39997.000000
40038.000000
40048.000000
40064.000000
40068.000000
40078.000000
40095.000000
40110.000000
40072.000000
39924.000000
39940.000000
39923.000000
39943.000000
39975.000000
39941.000000
39944.000000
39971.000000
39989.000000
39989.000000
39995.000000
40013.000000
40016.000000
40017.000000
39870.000000
39842.000000
39845.000000
39856.000000
39862.000000
39850.000000
39853.000000
39855.000000
39856.000000
39900.000000
39919.000000
39924.000000
39913.000000
39938.000000
39975.000000
39980.000000
39840.000000
39788.000000
39800.000000
39803.000000
39826.000000
39830.000000
39803.000000
39818.000000
39839.000000
39868.000000
39879.000000
39879.000000
39894.000000
39907.000000
39935.000000
39957.000000
39972.000000
39998.000000
40026.000000
40023.000000
39914.000000
39856.000000
39879.000000
39887.000000
39932.000000
39897.000000
39864.000000
39893.000000
39912.000000
39925.000000
39952.000000
39976.000000
39964.000000
39994.000000
40029.000000
40034.000000
40041.000000
40075.000000
40087.000000
39995.000000
39907.000000
39924.000000
39940.000000
39935.000000
39959.000000
39958.000000
39957.000000
39985.000000
40008.000000
40027.000000
40013.000000
40022.000000
40052.000000
40055.000000
40102.000000
40099.000000
40101.000000
40120.000000
40044.000000
39938.000000
39962.000000
39983.000000
40002.000000
40026.000000
39985.000000
39989.000000
40018.000000
40038.000000
40050.000000
40064.000000
40062.000000
40073.000000
40107.000000
40108.000000
40132.000000
40137.000000
40145.000000
39995.000000
39955.000000
39996.000000
40026.000000
40067.000000
40038.000000
40021.000000
40050.000000
40088.000000
40097.000000
40111.000000
40109.000000
40127.000000
40134.000000
40147.000000
40183.000000
40147.000000
39993.000000
40006.000000
40014.000000
40057.000000
40065.000000
40038.000000
40029.000000
40064.000000
40096.000000
40106.000000
40132.000000
40140.000000
40125.000000
40157.000000
40161.000000
40103.000000
39991.000000
40024.000000
40023.000000
40043.000000
40058.000000
40052.000000
40032.000000
40080.000000
40111.000000
40113.000000
40125.000000
40140.000000
40131.000000
40154.000000
40043.000000
39986.000000
39998.000000
40021.000000
40047.000000
40046.000000
40029.000000
40030.000000
40047.000000
40062.000000
40098.000000
40076.000000
40097.000000
40112.000000
40089.000000
39969.000000
39932.000000
39981.000000
39987.000000
40011.000000
39978.000000
39988.000000
40000.000000
40023.000000
40033.000000
40049.000000
40056.000000
40069.000000
40084.000000
39970.000000
39897.000000
39907.000000
39920.000000
39934.000000
39941.000000
39932.000000
39928.000000
39956.000000
39960.000000
39976.000000
40001.000000
39996.000000
40017.000000
39948.000000
39849.000000
39829.000000
39847.000000
39851.000000
39866.000000
39825.000000
39836.000000
39849.000000
39865.000000
39898.000000
39880.000000
39901.000000
39896.000000
39922.000000
39950.000000
39932.000000
39761.000000
39739.000000
39763.000000
39790.000000
39799.000000
39768.000000
39767.000000
39786.000000
39808.000000
39830.000000
39833.000000
39855.000000
39847.000000
39873.000000
39886.000000
39869.000000
39725.000000
39710.000000
39743.000000
39739.000000
39781.000000
39749.000000
39732.000000
39767.000000
39784.000000
39814.000000
39830.000000
39844.000000
39866.000000
39856.000000
39889.000000
39839.000000
39721.000000
39706.000000
39747.000000
39735.000000
39757.000000
39714.000000
39739.000000
39756.000000
39791.000000
39802.000000
39806.000000
39836.000000
39829.000000
39857.000000
39876.000000
39859.000000
39736.000000
39702.000000
39724.000000
39736.000000
39740.000000
39732.000000
39744.000000
39742.000000
39770.000000
39800.000000
39818.000000
39817.000000
39823.000000
39839.000000
39866.000000
39878.000000
39895.000000
39870.000000
39733.000000
39725.000000
39739.000000
39733.000000
39776.000000
39749.000000
39731.000000
39783.000000
39810.000000
39812.000000
39818.000000
39833.000000
39846.000000
39853.000000
39877.000000
39896.000000
39916.000000
39864.000000
39741.000000
39761.000000
39765.000000
39791.000000
39806.000000
39789.000000
39797.000000
39826.000000
39847.000000
39882.000000
39881.000000
39900.000000
39904.000000
39915.000000
39959.000000
39939.000000
39798.000000
39768.000000
39814.000000
39823.000000
39843.000000
39858.000000
39841.000000
39861.000000
39890.000000
39916.000000
39930.000000
39920.000000
39935.000000
39951.000000
39981.000000
39993.000000
39856.000000
39808.000000
39843.000000
39857.000000
39890.000000
39874.000000
39865.000000
39881.000000
39901.000000
39924.000000
39946.000000
39944.000000
39976.000000
39981.000000
39993.000000
39898.000000
39831.000000
39856.000000
39884.000000
39893.000000
39928.000000
39888.000000
39887.000000
39919.000000
39922.000000
39942.000000
39928.000000
39941.000000
39975.000000
39952.000000
39822.000000
39801.000000
39839.000000
39882.000000
39900.000000
39862.000000
39848.000000
39906.000000
39929.000000
39944.000000
39939.000000
39937.000000
39953.000000
39908.000000
39821.000000
39815.000000
39846.000000
39888.000000
39895.000000
39873.000000
39903.000000
39914.000000
39933.000000
39936.000000
39957.000000
39975.000000
39955.000000
39839.000000
39794.000000
39824.000000
39838.000000
39870.000000
39843.000000
39824.000000
39839.000000
39884.000000
39899.000000
39909.000000
39918.000000
39924.000000
39878.000000
39772.000000
39753.000000
39780.000000
39805.000000
39816.000000
39790.000000
39775.000000
39812.000000
39836.000000
39866.000000
39856.000000
39854.000000
39858.000000
39879.000000
39815.000000
39721.000000
39731.000000
39752.000000
39777.000000
39770.000000
39749.000000
39749.000000
39783.000000
39787.000000
39806.000000
39800.000000
39808.000000
39814.000000
39837.000000
39862.000000
39744.000000
39681.000000
39699.000000
39704.000000
39727.000000
39724.000000
39708.000000
39728.000000
39737.000000
39759.000000
39776.000000
39779.000000
39792.000000
39817.000000
39816.000000
39837.000000
39848.000000
39878.000000
39887.000000
39837.000000
39706.000000
39703.000000
39718.000000
39731.000000
39763.000000
39745.000000
39744.000000
39749.000000
39774.000000
39792.000000
39806.000000
39806.000000
39838.000000
39844.000000
39858.000000
39877.000000
39884.000000
39897.000000
39911.000000
39771.000000
39737.000000
39757.000000
39798.000000
39810.000000
39796.000000
39778.000000
39803.000000
39832.000000
39845.000000
39860.000000
39868.000000
39861.000000
39890.000000
39883.000000
39903.000000
39933.000000
39870.000000
39777.000000
39768.000000
39771.000000
39803.000000
39825.000000
39784.000000
39810.000000
39826.000000
39860.000000
39875.000000
39867.000000
39877.000000
39893.000000
39909.000000
39918.000000
39946.000000
39905.000000
39763.000000
39748.000000
39779.000000
39811.000000
39825.000000
39803.000000
39797.000000
39811.000000
39864.000000
39861.000000
39868.000000
39875.000000
39889.000000
39896.000000
39902.000000
39932.000000
39811.000000
39742.000000
39776.000000
39782.000000
39806.000000
39815.000000
39781.000000
39799.000000
39817.000000
39850.000000
39869.000000
39866.000000
39886.000000
39897.000000
39909.000000
39801.000000
39745.000000
39756.000000
39790.000000
39833.000000
39821.000000
39797.000000
39808.000000
39832.000000
39861.000000
39862.000000
39881.000000
39892.000000
39912.000000
39771.000000
39715.000000
39714.000000
39743.000000
39765.000000
39740.000000
39744.000000
39756.000000
39784.000000
39793.000000
39796.000000
39791.000000
39818.000000
39802.000000
39668.000000
39639.000000
39648.000000
39658.000000
39660.000000
39651.000000
39641.000000
39659.000000
39668.000000
39683.000000
39671.000000
39673.000000
39704.000000
39716.000000
39664.000000
39550.000000
39550.000000
39541.000000
39560.000000
39555.000000
39552.000000
39549.000000
39566.000000
39582.000000
39590.000000
39606.000000
39608.000000
39622.000000
39639.000000
39672.000000
39655.000000
39681.000000
39702.000000
39713.000000
39720.000000
39737.000000
39748.000000
39774.000000
39661.000000
39582.000000
39626.000000
39604.000000
39626.000000
39626.000000
39619.000000
39631.000000
39664.000000
39661.000000
39673.000000
39693.000000
39696.000000
39720.000000
39729.000000
39746.000000
39752.000000
39769.000000
39779.000000
39780.000000
39684.000000
39661.000000
39647.000000
39663.000000
39694.000000
39682.000000
39676.000000
39706.000000
39722.000000
39747.000000
39737.000000
39737.000000
39748.000000
39754.000000
39779.000000
39795.000000
39811.000000
39820.000000
39846.000000
39839.000000
39715.000000
39703.000000
39727.000000
39733.000000
39742.000000
39735.000000
39711.000000
39747.000000
39770.000000
39787.000000
39798.000000
39788.000000
39795.000000
39807.000000
39822.000000
39835.000000
39873.000000
39798.000000
39728.000000
39704.000000
39736.000000
39750.000000
39758.000000
39744.000000
39747.000000
39778.000000
39779.000000
39792.000000
39804.000000
39793.000000
39826.000000
39814.000000
39855.000000
39841.000000
39870.000000
39818.000000
39711.000000
39717.000000
39736.000000
39749.000000
39770.000000
39740.000000
39750.000000
39764.000000
39788.000000
39818.000000
39803.000000
39791.000000
39823.000000
39836.000000
39845.000000
39843.000000
39892.000000
39760.000000
39701.000000
39732.000000
39762.000000
39766.000000
39758.000000
39751.000000
39753.000000
39776.000000
39806.000000
39817.000000
39819.000000
39823.000000
39828.000000
39862.000000
39879.000000
39858.000000
39717.000000
39716.000000
39752.000000
39759.000000
39782.000000
39751.000000
39742.000000
39775.000000
39815.000000
39805.000000
39818.000000
39819.000000
39843.000000
39848.000000
39882.000000
39842.000000
39715.000000
39704.000000
39723.000000
39719.000000
39731.000000
39724.000000
39718.000000
39738.000000
39768.000000
39793.000000
39799.000000
39812.000000
39815.000000
39841.000000
39803.000000
39682.000000
39662.000000
39681.000000
39693.000000
39728.000000
39701.000000
39690.000000
39704.000000
39750.000000
39753.000000
39761.000000
39762.000000
39763.000000
39796.000000
39813.000000
39667.000000
39619.000000
39656.000000
39674.000000
39694.000000
39690.000000
39671.000000
39687.000000
39702.000000
39732.000000
39745.000000
39761.000000
39759.000000
39781.000000
39786.000000
39681.000000
39597.000000
39621.000000
39634.000000
39652.000000
39625.000000
39629.000000
39646.000000
39656.000000
39678.000000
39687.000000
39690.000000
39692.000000
39725.000000
39742.000000
39748.000000
39614.000000
39537.000000
39560.000000
39569.000000
39592.000000
39577.000000
39559.000000
39571.000000
39583.000000
39635.000000
39634.000000
39631.000000
39656.000000
39680.000000
39691.000000
39697.000000
39723.000000
39634.000000
39513.000000
39522.000000
39548.000000
39562.000000
39571.000000
39536.000000
39525.000000
39559.000000
39605.000000
39616.000000
39621.000000
39630.000000
39641.000000
39652.000000
39679.000000
39698.000000
39629.000000
39507.000000
39512.000000
39532.000000
39562.000000
39582.000000
39528.000000
39534.000000
39572.000000
39604.000000
39608.000000
39613.000000
39625.000000
39634.000000
39645.000000
39686.000000
39588.000000
39463.000000
39458.000000
39484.000000
39502.000000
39507.000000
39476.000000
39485.000000
39504.000000
39533.000000
39545.000000
39565.000000
39573.000000
39599.000000
39620.000000
39621.000000
39466.000000
39398.000000
39419.000000
39405.000000
39445.000000
39445.000000
39404.000000
39434.000000
39465.000000
39479.000000
39512.000000
39517.000000
39508.000000
39524.000000
39572.000000
39581.000000
39416.000000
39359.000000
39375.000000
39397.000000
39418.000000
39408.000000
39392.000000
39408.000000
39436.000000
39480.000000
39479.000000
39497.000000
39472.000000
39508.000000
39545.000000
39506.000000
39365.000000
39349.000000
39380.000000
39403.000000
39433.000000
39394.000000
39389.000000
39424.000000
39477.000000
39491.000000
39479.000000
39496.000000
39525.000000
39542.000000
39558.000000
39566.000000
39416.000000
39332.000000
39373.000000
39386.000000
39400.000000
39379.000000
39366.000000
39348.000000
39394.000000
39432.000000
39440.000000
39458.000000
39470.000000
39486.000000
39493.000000
39527.000000
39514.000000
39369.000000
39307.000000
39320.000000
39322.000000
39358.000000
39337.000000
39319.000000
39346.000000
39391.000000
39404.000000
39406.000000
39426.000000
39448.000000
39455.000000
39479.000000
39515.000000
39535.000000
39490.000000
39328.000000
39315.000000
39347.000000
39353.000000
39368.000000
39354.000000
39332.000000
39373.000000
39399.000000
39422.000000
39432.000000
39450.000000
39445.000000
39483.000000
39508.000000
39488.000000
39313.000000
39282.000000
39298.000000
39326.000000
39343.000000
39322.000000
39316.000000
39325.000000
39357.000000
39375.000000
39392.000000
39425.000000
39405.000000
39443.000000
39477.000000
39398.000000
39257.000000
39239.000000
39256.000000
39272.000000
39284.000000
39256.000000
39250.000000
39280.000000
39327.000000
39329.000000
39339.000000
39365.000000
39371.000000
39408.000000
39413.000000
39293.000000
39207.000000
39198.000000
39230.000000
39248.000000
39251.000000
39203.000000
39219.000000
39257.000000
39291.000000
39304.000000
39314.000000
39334.000000
39342.000000
39349.000000
39233.000000
39161.000000
39189.000000
39211.000000
39257.000000
39218.000000
39186.000000
39228.000000
39255.000000
39280.000000
39291.000000
39280.000000
39311.000000
39301.000000
39167.000000
39132.000000
39144.000000
39172.000000
39183.000000
39162.000000
39162.000000
39175.000000
39208.000000
39212.000000
39228.000000
39239.000000
39262.000000
39280.000000
39159.000000
39081.000000
39100.000000
39082.000000
39113.000000
39103.000000
39088.000000
39098.000000
39122.000000
39142.000000
39163.000000
39169.000000
39179.000000
39196.000000
39222.000000
39227.000000
39109.000000
39042.000000
39039.000000
39054.000000
39081.000000
39076.000000
39071.000000
39100.000000
39103.000000
39141.000000
39134.000000
39148.000000
39177.000000
39183.000000
39209.000000
39242.000000
39264.000000
39283.000000
39316.000000
39232.000000
39124.000000
39141.000000
39153.000000
39168.000000
39192.000000
39165.000000
39179.000000
39207.000000
39235.000000
39232.000000
39254.000000
39245.000000
39287.000000
39291.000000
39319.000000
39339.000000
39285.000000
39185.000000
39192.000000
39223.000000
39227.000000
39238.000000
39221.000000
39223.000000
39266.000000
39301.000000
39320.000000
39305.000000
39310.000000
39343.000000
39354.000000
39366.000000
39395.000000
39383.000000
39234.000000
39217.000000
39226.000000
39260.000000
39268.000000
39246.000000
39238.000000
39258.000000
39288.000000
39300.000000
39314.000000
39350.000000
39346.000000
39341.000000
39383.000000
39390.000000
39303.000000
39233.000000
39215.000000
39219.000000
39276.000000
39278.000000
39260.000000
39271.000000
39314.000000
39332.000000
39348.000000
39347.000000
39353.000000
39376.000000
39400.000000
39420.000000
39301.000000
39255.000000
39284.000000
39307.000000
39317.000000
39326.000000
39306.000000
39322.000000
39363.000000
39387.000000
39380.000000
39400.000000
39409.000000
39435.000000
39352.000000
39292.000000
39307.000000
39322.000000
39369.000000
39366.000000
39348.000000
39353.000000
39372.000000
39410.000000
39418.000000
39426.000000
39430.000000
39466.000000
39419.000000
39303.000000
39285.000000
39310.000000
39332.000000
39348.000000
39329.000000
39331.000000
39339.000000
39369.000000
39385.000000
39408.000000
39389.000000
39401.000000
39388.000000
39283.000000
39246.000000
39268.000000
39298.000000
39291.000000
39268.000000
39273.000000
39273.000000
39319.000000
39341.000000
39329.000000
39357.000000
39371.000000
39395.000000
39363.000000
39217.000000
39215.000000
39217.000000
39254.000000
39256.000000
39240.000000
39247.000000
39251.000000
39304.000000
39312.000000
39299.000000
39310.000000
39316.000000
39335.000000
39328.000000
39183.000000
39168.000000
39192.000000
39206.000000
39220.000000
39203.000000
39202.000000
39223.000000
39252.000000
39271.000000
39273.000000
39267.000000
39274.000000
39290.000000
39317.000000
39351.000000
39242.000000
39139.000000
39138.000000
39166.000000
39155.000000
39143.000000
39131.000000
39136.000000
39173.000000
39210.000000
39194.000000
39233.000000
39228.000000
39255.000000
39251.000000
39294.000000
39306.000000
39326.000000
39205.000000
39132.000000
39128.000000
39137.000000
39179.000000
39161.000000
39127.000000
39153.000000
39176.000000
39204.000000
39222.000000
39219.000000
39237.000000
39254.000000
39269.000000
39293.000000
39316.000000
39336.000000
39314.000000
39190.000000
39172.000000
39193.000000
39200.000000
39235.000000
39212.000000
39202.000000
39231.000000
39263.000000
39283.000000
39292.000000
39296.000000
39323.000000
39341.000000
39361.000000
39371.000000
39402.000000
39334.000000
39209.000000
39299.000000
39397.000000
39478.000000
39452.000000
39376.000000
39357.000000
39355.000000
39349.000000
39355.000000
39352.000000
39365.000000
39370.000000
39403.000000
39434.000000
39473.000000
39507.000000
39397.000000
39333.000000
39339.000000
39352.000000
39369.000000
39339.000000
39296.000000
39319.000000
39331.000000
39324.000000
39326.000000
39327.000000
39328.000000
39357.000000
39333.000000
39355.000000
39371.000000
39348.000000
39221.000000
39198.000000
39231.000000
39245.000000
39269.000000
39234.000000
39231.000000
39265.000000
39288.000000
39299.000000
39315.000000
39320.000000
39333.000000
39354.000000
39369.000000
39408.000000
39306.000000
39217.000000
39253.000000
39255.000000
39276.000000
39279.000000
39254.000000
39259.000000
39284.000000
39309.000000
39321.000000
39338.000000
39340.000000
39362.000000
39385.000000
39395.000000
39397.000000
39297.000000
39226.000000
39228.000000
39247.000000
39247.000000
39251.000000
39243.000000
39239.000000
39286.000000
39281.000000
39294.000000
39313.000000
39313.000000
39334.000000
39354.000000
39363.000000
39394.000000
39374.000000
39214.000000
39217.000000
39225.000000
39242.000000
39273.000000
39258.000000
39236.000000
39262.000000
39281.000000
39302.000000
39325.000000
39328.000000
39354.000000
39355.000000
39362.000000
39376.000000
39405.000000
39308.000000
39199.000000
39227.000000
39258.000000
39275.000000
39262.000000
39241.000000
39261.000000
39277.000000
39304.000000
39310.000000
39306.000000
39329.000000
39342.000000
39356.000000
39370.000000
39391.000000
39408.000000
39353.000000
39228.000000
39216.000000
39245.000000
39252.000000
39257.000000
39241.000000
39228.000000
39263.000000
39290.000000
39292.000000
39297.000000
39325.000000
39329.000000
39363.000000
39381.000000
39395.000000
39404.000000
39338.000000
39225.000000
39211.000000
39263.000000
39292.000000
39294.000000
39260.000000
39282.000000
39303.000000
39319.000000
39340.000000
39338.000000
39340.000000
39332.000000
39380.000000
39389.000000
39408.000000
39262.000000
39211.000000
39222.000000
39255.000000
39297.000000
39248.000000
39236.000000
39260.000000
39279.000000
39305.000000
39310.000000
39323.000000
39324.000000
39341.000000
39371.000000
39359.000000
39203.000000
39157.000000
39183.000000
39193.000000
39199.000000
39189.000000
39160.000000
39192.000000
39218.000000
39245.000000
39258.000000
39263.000000
39273.000000
39284.000000
39296.000000
39161.000000
39105.000000
39103.000000
39115.000000
39144.000000
39106.000000
39086.000000
39107.000000
39138.000000
39168.000000
39161.000000
39176.000000
39193.000000
39216.000000
39201.000000
39054.000000
39026.000000
39032.000000
39069.000000
39089.000000
39036.000000
39038.000000
39065.000000
39089.000000
39109.000000
39128.000000
39137.000000
39154.000000
39170.000000
39129.000000
39007.000000
38950.000000
38969.000000
38978.000000
38993.000000
38962.000000
38960.000000
38996.000000
39021.000000
39017.000000
39053.000000
39056.000000
39076.000000
39087.000000
39112.000000
39076.000000
38928.000000
38923.000000
38921.000000
38929.000000
38952.000000
38931.000000
38949.000000
38978.000000
38984.000000
38996.000000
39020.000000
39037.000000
39052.000000
39075.000000
39110.000000
39119.000000
39154.000000
39158.000000
39194.000000
39238.000000
39143.000000
39007.000000
38998.000000
39033.000000
39040.000000
39031.000000
39011.000000
39026.000000
39037.000000
39071.000000
39094.000000
39106.000000
39090.000000
39120.000000
39131.000000
39159.000000
39173.000000
39193.000000
39218.000000
39211.000000
39062.000000
39024.000000
39033.000000
39068.000000
39079.000000
39089.000000
39088.000000
39090.000000
39123.000000
39168.000000
39172.000000
39190.000000
39209.000000
39243.000000
39264.000000
39234.000000
39234.000000
39251.000000
39234.000000
39055.000000
39045.000000
39079.000000
39090.000000
39134.000000
39120.000000
39115.000000
39145.000000
39176.000000
39219.000000
39223.000000
39244.000000
39269.000000
39278.000000
39337.000000
39367.000000
39374.000000
39222.000000
39136.000000
39170.000000
39220.000000
39250.000000
39217.000000
39212.000000
39241.000000
39267.000000
39293.000000
39293.000000
39320.000000
39321.000000
39332.000000
39357.000000
39313.000000
39196.000000
39164.000000
39190.000000
39200.000000
39232.000000
39209.000000
39206.000000
39242.000000
39258.000000
39276.000000
39286.000000
39288.000000
39323.000000
39328.000000
39336.000000
39166.000000
39136.000000
39156.000000
39169.000000
39209.000000
39187.000000
39157.000000
39173.000000
39216.000000
39249.000000
39258.000000
39251.000000
39275.000000
39289.000000
39297.000000
39166.000000
39093.000000
39116.000000
39135.000000
39167.000000
39177.000000
39141.000000
39165.000000
39207.000000
39234.000000
39257.000000
39268.000000
39286.000000
39304.000000
39339.000000
39268.000000
39120.000000
39146.000000
39191.000000
39215.000000
39238.000000
39194.000000
39184.000000
39240.000000
39265.000000
39291.000000
39282.000000
39328.000000
39332.000000
39332.000000
39211.000000
39150.000000
39191.000000
39222.000000
39265.000000
39250.000000
39230.000000
39253.000000
39293.000000
39310.000000
39349.000000
39342.000000
39360.000000
39362.000000
39275.000000
39175.000000
39191.000000
39241.000000
39248.000000
39270.000000
39246.000000
39267.000000
39276.000000
39311.000000
39326.000000
39342.000000
39347.000000
39374.000000
39303.000000
39204.000000
39201.000000
39234.000000
39242.000000
39248.000000
39223.000000
39232.000000
39251.000000
39298.000000
39316.000000
39314.000000
39334.000000
39350.000000
39358.000000
39224.000000
39184.000000
39228.000000
39248.000000
39283.000000
39250.000000
39248.000000
39263.000000
39282.000000
39320.000000
39322.000000
39319.000000
39337.000000
39341.000000
39211.000000
39150.000000
39169.000000
39189.000000
39211.000000
39191.000000
39167.000000
39189.000000
39232.000000
39238.000000
39238.000000
39246.000000
39269.000000
39268.000000
39283.000000
39193.000000
39056.000000
39071.000000
39057.000000
39060.000000
39054.000000
39026.000000
39045.000000
39066.000000
39107.000000
39112.000000
39123.000000
39131.000000
39158.000000
39176.000000
39177.000000
39013.000000
38951.000000
38961.000000
38998.000000
39032.000000
38991.000000
38970.000000
38988.000000
39030.000000
39057.000000
39064.000000
39072.000000
39090.000000
39109.000000
39123.000000
39061.000000
38931.000000
38916.000000
38920.000000
38972.000000
38958.000000
38939.000000
38928.000000
38958.000000
38994.000000
39014.000000
39010.000000
39021.000000
39022.000000
39065.000000
39012.000000
38854.000000
38807.000000
38815.000000
38825.000000
38855.000000
38814.000000
38803.000000
38812.000000
38866.000000
38883.000000
38875.000000
38892.000000
38917.000000
38944.000000
38978.000000
38838.000000
38716.000000
38699.000000
38721.000000
38741.000000
38729.000000
38703.000000
38703.000000
38751.000000
38762.000000
38786.000000
38804.000000
38809.000000
38835.000000
38864.000000
38884.000000
38917.000000
38764.000000
38679.000000
38692.000000
38716.000000
38734.000000
38741.000000
38730.000000
38753.000000
38780.000000
38817.000000
38845.000000
38847.000000
38877.000000
38898.000000
38915.000000
38965.000000
38988.000000
38822.000000
38740.000000
38774.000000
38846.000000
38868.000000
38834.000000
38820.000000
38853.000000
38890.000000
38931.000000
38943.000000
38953.000000
38960.000000
38984.000000
39019.000000
38998.000000
38851.000000
38799.000000
38819.000000
38868.000000
38914.000000
38882.000000
38848.000000
38878.000000
38910.000000
38969.000000
38968.000000
38973.000000
39000.000000
39009.000000
39032.000000
38921.000000
38813.000000
38846.000000
38890.000000
38924.000000
38900.000000
38877.000000
38899.000000
38944.000000
38979.000000
38982.000000
39012.000000
39019.000000
39035.000000
39065.000000
38997.000000
38872.000000
38882.000000
38928.000000
38944.000000
38975.000000
38907.000000
38921.000000
38937.000000
38975.000000
39008.000000
39012.000000
39009.000000
39025.000000
39026.000000
38902.000000
38856.000000
38878.000000
38912.000000
38944.000000
38904.000000
38892.000000
38914.000000
38952.000000
39000.000000
38982.000000
38988.000000
39007.000000
39025.000000
38895.000000
38791.000000
38803.000000
38849.000000
38886.000000
38872.000000
38842.000000
38848.000000
38890.000000
38895.000000
38926.000000
38920.000000
38929.000000
38965.000000
38927.000000
38766.000000
38728.000000
38766.000000
38778.000000
38790.000000
38778.000000
38767.000000
38795.000000
38845.000000
38880.000000
38914.000000
38928.000000
38946.000000
38996.000000
39016.000000
38801.000000
38744.000000
38749.000000
38765.000000
38812.000000
38790.000000
38774.000000
38769.000000
38795.000000
38819.000000
38850.000000
38869.000000
38852.000000
38894.000000
38874.000000
38758.000000
38626.000000
38632.000000
38666.000000
38717.000000
38721.000000
38691.000000
38690.000000
38721.000000
38764.000000
38756.000000
38774.000000
38785.000000
38802.000000
38830.000000
38870.000000
38728.000000
38602.000000
38640.000000
38654.000000
38673.000000
38644.000000
38624.000000
38643.000000
38686.000000
38718.000000
38743.000000
38758.000000
38786.000000
38809.000000
38838.000000
38874.000000
38896.000000
38718.000000
38621.000000
38666.000000
38705.000000
38736.000000
38703.000000
38696.000000
38715.000000
38769.000000
38779.000000
38804.000000
38814.000000
38822.000000
38829.000000
38878.000000
38910.000000
38916.000000
38763.000000
38693.000000
38724.000000
38768.000000
38783.000000
38767.000000
38736.000000
38759.000000
38809.000000
38826.000000
38843.000000
38856.000000
38873.000000
38902.000000
38939.000000
38813.000000
38701.000000
38715.000000
38733.000000
38764.000000
38778.000000
38715.000000
38743.000000
38761.000000
38798.000000
38813.000000
38823.000000
38828.000000
38864.000000
38880.000000
38869.000000
38683.000000
38658.000000
38689.000000
38714.000000
38727.000000
38705.000000
38712.000000
38732.000000
38754.000000
38796.000000
38810.000000
38816.000000
38837.000000
38866.000000
38884.000000
38740.000000
38672.000000
38704.000000
38732.000000
38758.000000
38733.000000
38723.000000
38743.000000
38790.000000
38815.000000
38842.000000
38837.000000
38872.000000
38885.000000
38908.000000
38833.000000
38728.000000
38738.000000
38761.000000
38801.000000
38802.000000
38763.000000
38784.000000
38820.000000
38852.000000
38882.000000
38888.000000
38906.000000
38928.000000
38925.000000
38788.000000
38723.000000
38757.000000
38762.000000
38804.000000
38783.000000
38766.000000
38788.000000
38833.000000
38842.000000
38888.000000
38877.000000
38900.000000
38914.000000
38842.000000
38735.000000
38722.000000
38752.000000
38796.000000
38814.000000
38760.000000
38785.000000
38807.000000
38826.000000
38846.000000
38856.000000
38861.000000
38897.000000
38900.000000
38778.000000
38718.000000
38739.000000
38779.000000
38794.000000
38791.000000
38775.000000
38793.000000
38820.000000
38850.000000
38870.000000
38876.000000
38883.000000
38919.000000
38858.000000
38736.000000
38754.000000
38780.000000
38816.000000
38800.000000
38780.000000
38784.000000
38829.000000
38843.000000
38863.000000
38889.000000
38909.000000
38906.000000
38905.000000
38732.000000
38712.000000
38746.000000
38772.000000
38784.000000
38741.000000
38732.000000
38756.000000
38774.000000
38794.000000
38820.000000
38836.000000
38840.000000
38828.000000
38708.000000
38644.000000
38685.000000
38707.000000
38730.000000
38690.000000
38679.000000
38703.000000
38728.000000
38764.000000
38783.000000
38781.000000
38780.000000
38812.000000
38748.000000
38624.000000
38629.000000
38648.000000
38679.000000
38680.000000
38644.000000
38667.000000
38708.000000
38712.000000
38734.000000
38745.000000
38762.000000
38783.000000
38792.000000
38652.000000
38623.000000
38654.000000
38673.000000
38724.000000
38689.000000
38688.000000
38716.000000
38747.000000
38754.000000
38788.000000
38789.000000
38814.000000
38830.000000
38805.000000
38669.000000
38647.000000
38678.000000
38705.000000
38747.000000
38718.000000
38703.000000
38723.000000
38732.000000
