53450.000000
53509.000000
53532.000000
53554.000000
53590.000000
53584.000000
53633.000000
53661.000000
53690.000000
53716.000000
53715.000000
53762.000000
53781.000000
53809.000000
53791.000000
53804.000000
53770.000000
53770.000000
53765.000000
53733.000000
53768.000000
53748.000000
53737.000000
53764.000000
53742.000000
53775.000000
53757.000000
53765.000000
53760.000000
53780.000000
53778.000000
53793.000000
53804.000000
53815.000000
53813.000000
53835.000000
53821.000000
53857.000000
53849.000000
53838.000000
53842.000000
53851.000000
53859.000000
53848.000000
53852.000000
53840.000000
53847.000000
53842.000000
53867.000000
53880.000000
53882.000000
53886.000000
53903.000000
53911.000000
53922.000000
53916.000000
53929.000000
53922.000000
53930.000000
53948.000000
53936.000000
53902.000000
53874.000000
53812.000000
53770.000000
53701.000000
53630.000000
53623.000000
53574.000000
53563.000000
53555.000000
53516.000000
53538.000000
53553.000000
53555.000000
53577.000000
53586.000000
53614.000000
53602.000000
53630.000000
53650.000000
53667.000000
53673.000000
53687.000000
53714.000000
53718.000000
53724.000000
53722.000000
53696.000000
53673.000000
53655.000000
53639.000000
53591.000000
53603.000000
53585.000000
53581.000000
53582.000000
53599.000000
53648.000000
53665.000000
53679.000000
53686.000000
53709.000000
53715.000000
53726.000000
53741.000000
53761.000000
53755.000000
53742.000000
53765.000000
53746.000000
53750.000000
53772.000000
53791.000000
53777.000000
53797.000000
53819.000000
53813.000000
53806.000000
53794.000000
53807.000000
53788.000000
53783.000000
53764.000000
53776.000000
53768.000000
53777.000000
53791.000000
53794.000000
53802.000000
53838.000000
53863.000000
53888.000000
53890.000000
53900.000000
53852.000000
53818.000000
53769.000000
53688.000000
53624.000000
53604.000000
53541.000000
53519.000000
53494.000000
53475.000000
53491.000000
53528.000000
53561.000000
53565.000000
53576.000000
53563.000000
53601.000000
53588.000000
53605.000000
53639.000000
53695.000000
53714.000000
53713.000000
53735.000000
53729.000000
53728.000000
53718.000000
53663.000000
53642.000000
53616.000000
53599.000000
53587.000000
53587.000000
53594.000000
53615.000000
53639.000000
53630.000000
53671.000000
53686.000000
53713.000000
53708.000000
53720.000000
53747.000000
53752.000000
53758.000000
53769.000000
53775.000000
53780.000000
53770.000000
53758.000000
53757.000000
53768.000000
53768.000000
53754.000000
53785.000000
53795.000000
53796.000000
53794.000000
53782.000000
53773.000000
53794.000000
53801.000000
53829.000000
53829.000000
53818.000000
53848.000000
53844.000000
53857.000000
53849.000000
53887.000000
53885.000000
53899.000000
53850.000000
53813.000000
53795.000000
53739.000000
53728.000000
53719.000000
53692.000000
53681.000000
53662.000000
53663.000000
53651.000000
53663.000000
53669.000000
53662.000000
53701.000000
53724.000000
53731.000000
53731.000000
53744.000000
53753.000000
53767.000000
53758.000000
53740.000000
53744.000000
53706.000000
53654.000000
53641.000000
53584.000000
53599.000000
53586.000000
53581.000000
53577.000000
53581.000000
53580.000000
53609.000000
53617.000000
53664.000000
53666.000000
53698.000000
53721.000000
53747.000000
53740.000000
53740.000000
53774.000000
53788.000000
53798.000000
53817.000000
53836.000000
53852.000000
53866.000000
53870.000000
53884.000000
53877.000000
53890.000000
53909.000000
53903.000000
53884.000000
53918.000000
53927.000000
53925.000000
53953.000000
53956.000000
53947.000000
53960.000000
53966.000000
53981.000000
53983.000000
54038.000000
54047.000000
54030.000000
54018.000000
53998.000000
53898.000000
53844.000000
53820.000000
53762.000000
53753.000000
53727.000000
53733.000000
53747.000000
53717.000000
53727.000000
53758.000000
53778.000000
53782.000000
53822.000000
53826.000000
53834.000000
53872.000000
53872.000000
53894.000000
53913.000000
53912.000000
53906.000000
53910.000000
53877.000000
53886.000000
53868.000000
53854.000000
53855.000000
53852.000000
53847.000000
53837.000000
53848.000000
53851.000000
53853.000000
53870.000000
53860.000000
53862.000000
53898.000000
53915.000000
53936.000000
53958.000000
53967.000000
53979.000000
53981.000000
54008.000000
54035.000000
54043.000000
54042.000000
54059.000000
54068.000000
54071.000000
54066.000000
54083.000000
54088.000000
54095.000000
54089.000000
54087.000000
54089.000000
54085.000000
54079.000000
54073.000000
54096.000000
54104.000000
54096.000000
54083.000000
54077.000000
54050.000000
53987.000000
53951.000000
53903.000000
53869.000000
53816.000000
53769.000000
53759.000000
53752.000000
53774.000000
53760.000000
53787.000000
53790.000000
53818.000000
53830.000000
53867.000000
53871.000000
53901.000000
53926.000000
53937.000000
53986.000000
53979.000000
53992.000000
53989.000000
53989.000000
53947.000000
53951.000000
53932.000000
53895.000000
53890.000000
53882.000000
53865.000000
53900.000000
53894.000000
53927.000000
53921.000000
53921.000000
53925.000000
53920.000000
53978.000000
53974.000000
53990.000000
53992.000000
54020.000000
54036.000000
54029.000000
54047.000000
54053.000000
54059.000000
54051.000000
54060.000000
54070.000000
54071.000000
54074.000000
54075.000000
54094.000000
54088.000000
54116.000000
54124.000000
54121.000000
54122.000000
54133.000000
54149.000000
54148.000000
54121.000000
54079.000000
54034.000000
54007.000000
53933.000000
53883.000000
53859.000000
53865.000000
53829.000000
53863.000000
53847.000000
53870.000000
53870.000000
53904.000000
53931.000000
53960.000000
53991.000000
54028.000000
54035.000000
54057.000000
54091.000000
54108.000000
54118.000000
54124.000000
54138.000000
54098.000000
54062.000000
54079.000000
54070.000000
54008.000000
54012.000000
53992.000000
54000.000000
53995.000000
54005.000000
54027.000000
54018.000000
54049.000000
54044.000000
54082.000000
54082.000000
54110.000000
54115.000000
54127.000000
54153.000000
54174.000000
54182.000000
54180.000000
54198.000000
54210.000000
54225.000000
54223.000000
54238.000000
54260.000000
54260.000000
54258.000000
54281.000000
54313.000000
54301.000000
54306.000000
54307.000000
54287.000000
54308.000000
54281.000000
54267.000000
54159.000000
54099.000000
54046.000000
54009.000000
53972.000000
53932.000000
53933.000000
53937.000000
53934.000000
53941.000000
53960.000000
53986.000000
54011.000000
54027.000000
54018.000000
54033.000000
54074.000000
54093.000000
54109.000000
54121.000000
54148.000000
54138.000000
54161.000000
54157.000000
54138.000000
54082.000000
54083.000000
54053.000000
54036.000000
54052.000000
54023.000000
54030.000000
54004.000000
54031.000000
54060.000000
54064.000000
54073.000000
54117.000000
54111.000000
54132.000000
54147.000000
54156.000000
54196.000000
54186.000000
54213.000000
54205.000000
54227.000000
54241.000000
54269.000000
54295.000000
54302.000000
54300.000000
54319.000000
54307.000000
54329.000000
54330.000000
54332.000000
54320.000000
54361.000000
54346.000000
54339.000000
54286.000000
54265.000000
54192.000000
54149.000000
54107.000000
54059.000000
54032.000000
53995.000000
53966.000000
53975.000000
53959.000000
53948.000000
54001.000000
54010.000000
54029.000000
54045.000000
54072.000000
54061.000000
54108.000000
54127.000000
54146.000000
54150.000000
54205.000000
54214.000000
54221.000000
54197.000000
54153.000000
54125.000000
54097.000000
54045.000000
54050.000000
54048.000000
54059.000000
54075.000000
54081.000000
54094.000000
54116.000000
54116.000000
54140.000000
54171.000000
54177.000000
54201.000000
54183.000000
54198.000000
54215.000000
54228.000000
54231.000000
54245.000000
54264.000000
54258.000000
54284.000000
54302.000000
54287.000000
54290.000000
54287.000000
54304.000000
54303.000000
54295.000000
54312.000000
54316.000000
54321.000000
54335.000000
54307.000000
54267.000000
54247.000000
54217.000000
54137.000000
54100.000000
54065.000000
54004.000000
54008.000000
54004.000000
53977.000000
53980.000000
53995.000000
54004.000000
54012.000000
54030.000000
54055.000000
54058.000000
54091.000000
54117.000000
54147.000000
54144.000000
54187.000000
54228.000000
54239.000000
54229.000000
54219.000000
54185.000000
54175.000000
54141.000000
54099.000000
54115.000000
54085.000000
54099.000000
54074.000000
54070.000000
54089.000000
54092.000000
54105.000000
54146.000000
54129.000000
54160.000000
54172.000000
54197.000000
54212.000000
54210.000000
54227.000000
54241.000000
54256.000000
54277.000000
54307.000000
54289.000000
54300.000000
54321.000000
54286.000000
54317.000000
54326.000000
54306.000000
54292.000000
54310.000000
54311.000000
54319.000000
54293.000000
54255.000000
54217.000000
54182.000000
54120.000000
54068.000000
54044.000000
54009.000000
53993.000000
54010.000000
54020.000000
54016.000000
54031.000000
54036.000000
54088.000000
54108.000000
54138.000000
54117.000000
54156.000000
54202.000000
54199.000000
54252.000000
54262.000000
54257.000000
54231.000000
54225.000000
54213.000000
54174.000000
54147.000000
54138.000000
54141.000000
54136.000000
54130.000000
54147.000000
54162.000000
54149.000000
54154.000000
54182.000000
54183.000000
54186.000000
54209.000000
54237.000000
54235.000000
54260.000000
54299.000000
54282.000000
54309.000000
54323.000000
54325.000000
54336.000000
54334.000000
54346.000000
54334.000000
54359.000000
54375.000000
54366.000000
54366.000000
54377.000000
54369.000000
54372.000000
54355.000000
54321.000000
54268.000000
54211.000000
54158.000000
54099.000000
54061.000000
54012.000000
53982.000000
53979.000000
53949.000000
53964.000000
53967.000000
53981.000000
53999.000000
54020.000000
54030.000000
54043.000000
54071.000000
54096.000000
54099.000000
54121.000000
54158.000000
54167.000000
54175.000000
54153.000000
54130.000000
54131.000000
54098.000000
54083.000000
54080.000000
54082.000000
54054.000000
54053.000000
54084.000000
54068.000000
54080.000000
54085.000000
54118.000000
54106.000000
54136.000000
54152.000000
54165.000000
54196.000000
54208.000000
54203.000000
54241.000000
54228.000000
54259.000000
54254.000000
54272.000000
54304.000000
54306.000000
54312.000000
54313.000000
54324.000000
54318.000000
54312.000000
54323.000000
54341.000000
54324.000000
54328.000000
54331.000000
54329.000000
54273.000000
54231.000000
54167.000000
54100.000000
54051.000000
54009.000000
53968.000000
53925.000000
53893.000000
53890.000000
53910.000000
53897.000000
53929.000000
53915.000000
53917.000000
53933.000000
53953.000000
53969.000000
54006.000000
54050.000000
54082.000000
54113.000000
54132.000000
54132.000000
54125.000000
54072.000000
54077.000000
54069.000000
54046.000000
54043.000000
54053.000000
54040.000000
54046.000000
54049.000000
54061.000000
54068.000000
54095.000000
54104.000000
54121.000000
54128.000000
54166.000000
54197.000000
54204.000000
54223.000000
54256.000000
54252.000000
54245.000000
54287.000000
54296.000000
54279.000000
54308.000000
54286.000000
54294.000000
54292.000000
54328.000000
54320.000000
54343.000000
54311.000000
54333.000000
54329.000000
54316.000000
54331.000000
54348.000000
54371.000000
54371.000000
54372.000000
54374.000000
54355.000000
54267.000000
54219.000000
54164.000000
54101.000000
54029.000000
53981.000000
53956.000000
53915.000000
53919.000000
53915.000000
53922.000000
53937.000000
53963.000000
53982.000000
53994.000000
54018.000000
54040.000000
54053.000000
54082.000000
54095.000000
54130.000000
54140.000000
54168.000000
54133.000000
54106.000000
54088.000000
54054.000000
54059.000000
54030.000000
54016.000000
54026.000000
54037.000000
54034.000000
54070.000000
54046.000000
54050.000000
54081.000000
54107.000000
54126.000000
54139.000000
54156.000000
54170.000000
54206.000000
54196.000000
54221.000000
54226.000000
54248.000000
54264.000000
54275.000000
54287.000000
54285.000000
54300.000000
54284.000000
54297.000000
54273.000000
54295.000000
54287.000000
54314.000000
54303.000000
54343.000000
54329.000000
54344.000000
54351.000000
54342.000000
54374.000000
54384.000000
54385.000000
54407.000000
54420.000000
54410.000000
54414.000000
54392.000000
54339.000000
54299.000000
54224.000000
54180.000000
54098.000000
54072.000000
54033.000000
54007.000000
54009.000000
54011.000000
54014.000000
54039.000000
54045.000000
54054.000000
54074.000000
54110.000000
54132.000000
54154.000000
54171.000000
54209.000000
54228.000000
54253.000000
54232.000000
54228.000000
54228.000000
54207.000000
54171.000000
54165.000000
54125.000000
54125.000000
54106.000000
54116.000000
54108.000000
54150.000000
54147.000000
54149.000000
54179.000000
54193.000000
54242.000000
54243.000000
54261.000000
54257.000000
54275.000000
54289.000000
54296.000000
54310.000000
54301.000000
54313.000000
54340.000000
54316.000000
54341.000000
54330.000000
54345.000000
54354.000000
54349.000000
54342.000000
54351.000000
54365.000000
54395.000000
54365.000000
54378.000000
54396.000000
54398.000000
54428.000000
54420.000000
54410.000000
54404.000000
54378.000000
54339.000000
54301.000000
54252.000000
54218.000000
54180.000000
54133.000000
54125.000000
54119.000000
54138.000000
54124.000000
54140.000000
54167.000000
54188.000000
54189.000000
54207.000000
54227.000000
54253.000000
54332.000000
54350.000000
54348.000000
54366.000000
54345.000000
54332.000000
54325.000000
54299.000000
54306.000000
54272.000000
54259.000000
54245.000000
54269.000000
54284.000000
54281.000000
54302.000000
54320.000000
54324.000000
54352.000000
54386.000000
54395.000000
54404.000000
54409.000000
54423.000000
54442.000000
54462.000000
54493.000000
54465.000000
54485.000000
54472.000000
54464.000000
54501.000000
54503.000000
54506.000000
54512.000000
54507.000000
54520.000000
54554.000000
54571.000000
54594.000000
54579.000000
54586.000000
54591.000000
54604.000000
54620.000000
54632.000000
54625.000000
54623.000000
54629.000000
54584.000000
54510.000000
54471.000000
54415.000000
54378.000000
54337.000000
54276.000000
54253.000000
54243.000000
54242.000000
54211.000000
54224.000000
54256.000000
54293.000000
54282.000000
54322.000000
54323.000000
54350.000000
54365.000000
54400.000000
54399.000000
54425.000000
54458.000000
54443.000000
54439.000000
54418.000000
54418.000000
54372.000000
54341.000000
54345.000000
54315.000000
54324.000000
54339.000000
54357.000000
54377.000000
54378.000000
54403.000000
54397.000000
54421.000000
54434.000000
54446.000000
54487.000000
54498.000000
54511.000000
54513.000000
54515.000000
54519.000000
54550.000000
54559.000000
54566.000000
54571.000000
54554.000000
54560.000000
54590.000000
54582.000000
54619.000000
54617.000000
54642.000000
54637.000000
54638.000000
54642.000000
54655.000000
54677.000000
54676.000000
54691.000000
54679.000000
54684.000000
54699.000000
54704.000000
54682.000000
54655.000000
54598.000000
54469.000000
54441.000000
54403.000000
54345.000000
54302.000000
54267.000000
54276.000000
54271.000000
54279.000000
54274.000000
54292.000000
54318.000000
54342.000000
54377.000000
54366.000000
54378.000000
54427.000000
54446.000000
54451.000000
54464.000000
54466.000000
54465.000000
54441.000000
54442.000000
54395.000000
54382.000000
54392.000000
54356.000000
54391.000000
54360.000000
54379.000000
54366.000000
54388.000000
54406.000000
54404.000000
54432.000000
54460.000000
54478.000000
54494.000000
54491.000000
54504.000000
54530.000000
54557.000000
54556.000000
54570.000000
54577.000000
54583.000000
54566.000000
54578.000000
54584.000000
54599.000000
54605.000000
54602.000000
54624.000000
54618.000000
54602.000000
54596.000000
54620.000000
54641.000000
54632.000000
54651.000000
54657.000000
54675.000000
54677.000000
54684.000000
54692.000000
54702.000000
54734.000000
54729.000000
54725.000000
54691.000000
54658.000000
54586.000000
54480.000000
54422.000000
54359.000000
54326.000000
54323.000000
54317.000000
54314.000000
54335.000000
54345.000000
54365.000000
54346.000000
54364.000000
54416.000000
54398.000000
54413.000000
54426.000000
54442.000000
54482.000000
54502.000000
54503.000000
54498.000000
54482.000000
54490.000000
54458.000000
54435.000000
54418.000000
54408.000000
54395.000000
54390.000000
54397.000000
54399.000000
54419.000000
54426.000000
54432.000000
54457.000000
54462.000000
54497.000000
54524.000000
54533.000000
54519.000000
54560.000000
54571.000000
54558.000000
54596.000000
54600.000000
54602.000000
54597.000000
54612.000000
54611.000000
54618.000000
54617.000000
54610.000000
54619.000000
54608.000000
54623.000000
54617.000000
54593.000000
54627.000000
54616.000000
54623.000000
54596.000000
54636.000000
54623.000000
54626.000000
54646.000000
54657.000000
54672.000000
54665.000000
54687.000000
54691.000000
54682.000000
54692.000000
54594.000000
54522.000000
54492.000000
54428.000000
54404.000000
54364.000000
54318.000000
54320.000000
54328.000000
54344.000000
54337.000000
54365.000000
54411.000000
54409.000000
54437.000000
54459.000000
54472.000000
54495.000000
54518.000000
54548.000000
54554.000000
54563.000000
54545.000000
54544.000000
54507.000000
54501.000000
54465.000000
54427.000000
54440.000000
54420.000000
54444.000000
54453.000000
54446.000000
54451.000000
54461.000000
54490.000000
54486.000000
54525.000000
54521.000000
54540.000000
54556.000000
54576.000000
54593.000000
54592.000000
54630.000000
54628.000000
54628.000000
54629.000000
54634.000000
54652.000000
54660.000000
54668.000000
54665.000000
54658.000000
54644.000000
54679.000000
54659.000000
54656.000000
54654.000000
54684.000000
54686.000000
54685.000000
54682.000000
54690.000000
54707.000000
54705.000000
54717.000000
54711.000000
54743.000000
54733.000000
54749.000000
54749.000000
54730.000000
54614.000000
54570.000000
54543.000000
54503.000000
54454.000000
54442.000000
54435.000000
54450.000000
54451.000000
54469.000000
54495.000000
54490.000000
54530.000000
54543.000000
54557.000000
54592.000000
54595.000000
54628.000000
54654.000000
54666.000000
54667.000000
54680.000000
54690.000000
54679.000000
54645.000000
54627.000000
54607.000000
54574.000000
54589.000000
54595.000000
54584.000000
54583.000000
54579.000000
54593.000000
54590.000000
54624.000000
54634.000000
54656.000000
54648.000000
54681.000000
54701.000000
54694.000000
54709.000000
54704.000000
54710.000000
54709.000000
54727.000000
54736.000000
54731.000000
54740.000000
54734.000000
54757.000000
54769.000000
54754.000000
54771.000000
54749.000000
54758.000000
54762.000000
54770.000000
54758.000000
54750.000000
54741.000000
54753.000000
54755.000000
54773.000000
54771.000000
54782.000000
54811.000000
54791.000000
54795.000000
54804.000000
54769.000000
54696.000000
54664.000000
54625.000000
54573.000000
54515.000000
54510.000000
54491.000000
54482.000000
54490.000000
54496.000000
54520.000000
54527.000000
54560.000000
54579.000000
54614.000000
54624.000000
54628.000000
54655.000000
54671.000000
54669.000000
54701.000000
54689.000000
54700.000000
54710.000000
54723.000000
54659.000000
54636.000000
54629.000000
54611.000000
54589.000000
54573.000000
54588.000000
54607.000000
54594.000000
54580.000000
54614.000000
54642.000000
54648.000000
54659.000000
54656.000000
54666.000000
54688.000000
54706.000000
54707.000000
54743.000000
54723.000000
54739.000000
54762.000000
54753.000000
54782.000000
54769.000000
54773.000000
54782.000000
54786.000000
54780.000000
54802.000000
54787.000000
54776.000000
54811.000000
54795.000000
54797.000000
54783.000000
54787.000000
54783.000000
54798.000000
54765.000000
54756.000000
54732.000000
54696.000000
54673.000000
54607.000000
54560.000000
54489.000000
54367.000000
54303.000000
54259.000000
54206.000000
54191.000000
54176.000000
54193.000000
54226.000000
54267.000000
54270.000000
54294.000000
54304.000000
54354.000000
54385.000000
54393.000000
54406.000000
54433.000000
54455.000000
54465.000000
54486.000000
54473.000000
54473.000000
54466.000000
54454.000000
54427.000000
54416.000000
54402.000000
54421.000000
54415.000000
54400.000000
54406.000000
54415.000000
54422.000000
54422.000000
54410.000000
54430.000000
54481.000000
54488.000000
54509.000000
54516.000000
54519.000000
54545.000000
54551.000000
54536.000000
54539.000000
54544.000000
54514.000000
54530.000000
54542.000000
54521.000000
54536.000000
54540.000000
54531.000000
54526.000000
54538.000000
54542.000000
54529.000000
54544.000000
54518.000000
54499.000000
54527.000000
54520.000000
54509.000000
54528.000000
54538.000000
54564.000000
54572.000000
54547.000000
54524.000000
54478.000000
54428.000000
54415.000000
54334.000000
54298.000000
54308.000000
54291.000000
54310.000000
54332.000000
54327.000000
54348.000000
54370.000000
54359.000000
54367.000000
54385.000000
54417.000000
54428.000000
54433.000000
54457.000000
54491.000000
54488.000000
54499.000000
54497.000000
54489.000000
54482.000000
54440.000000
54409.000000
54393.000000
54367.000000
54375.000000
54372.000000
54379.000000
54391.000000
54386.000000
54418.000000
54427.000000
54428.000000
54442.000000
54435.000000
54455.000000
54456.000000
54434.000000
54460.000000
54473.000000
54486.000000
54500.000000
54509.000000
54515.000000
54508.000000
54528.000000
54505.000000
54527.000000
54547.000000
54536.000000
54528.000000
54569.000000
54565.000000
54569.000000
54562.000000
54570.000000
54572.000000
54553.000000
54562.000000
54545.000000
54476.000000
54444.000000
54412.000000
54396.000000
54331.000000
54306.000000
54295.000000
54263.000000
54279.000000
54261.000000
54291.000000
54293.000000
54346.000000
54358.000000
54391.000000
54399.000000
54438.000000
54439.000000
54451.000000
54478.000000
54498.000000
54504.000000
54489.000000
54472.000000
54432.000000
54401.000000
54359.000000
54332.000000
54332.000000
54319.000000
54303.000000
54313.000000
54317.000000
54321.000000
54322.000000
54350.000000
54363.000000
54391.000000
54401.000000
54442.000000
54452.000000
54460.000000
54466.000000
54477.000000
54506.000000
54503.000000
54511.000000
54536.000000
54557.000000
54548.000000
54542.000000
54554.000000
54549.000000
54560.000000
54554.000000
54535.000000
54545.000000
54573.000000
54554.000000
54551.000000
54534.000000
54488.000000
54423.000000
54368.000000
54320.000000
54258.000000
54219.000000
54164.000000
54142.000000
54148.000000
54152.000000
54165.000000
54173.000000
54220.000000
54212.000000
54237.000000
54250.000000
54282.000000
54284.000000
54320.000000
54324.000000
54352.000000
54368.000000
54375.000000
54400.000000
54350.000000
54356.000000
54314.000000
54295.000000
54284.000000
54250.000000
54262.000000
54266.000000
54256.000000
54282.000000
54283.000000
54291.000000
54308.000000
54317.000000
54346.000000
54353.000000
54353.000000
54363.000000
54367.000000
54386.000000
54399.000000
54400.000000
54426.000000
54428.000000
54461.000000
54440.000000
54455.000000
54456.000000
54465.000000
54479.000000
54477.000000
54480.000000
54485.000000
54453.000000
54435.000000
54432.000000
54413.000000
54382.000000
54348.000000
54319.000000
54248.000000
54206.000000
54151.000000
54081.000000
54049.000000
54038.000000
54006.000000
53987.000000
54014.000000
54029.000000
54048.000000
54074.000000
54093.000000
54120.000000
54162.000000
54197.000000
54250.000000
54275.000000
54289.000000
54319.000000
54318.000000
54309.000000
54272.000000
54273.000000
54242.000000
54200.000000
54194.000000
54172.000000
54149.000000
54175.000000
54166.000000
54149.000000
54158.000000
54186.000000
54179.000000
54204.000000
54203.000000
54227.000000
54251.000000
54261.000000
54271.000000
54273.000000
54279.000000
54289.000000
54320.000000
54304.000000
54321.000000
54306.000000
54317.000000
54324.000000
54319.000000
54330.000000
54315.000000
54331.000000
54327.000000
54326.000000
54329.000000
54329.000000
54329.000000
54298.000000
54290.000000
54236.000000
54200.000000
54140.000000
54104.000000
54057.000000
54038.000000
54000.000000
53986.000000
53997.000000
54014.000000
54023.000000
54022.000000
54028.000000
54026.000000
54052.000000
54085.000000
54120.000000
54134.000000
54161.000000
54189.000000
54239.000000
54221.000000
54220.000000
54199.000000
54175.000000
54141.000000
54144.000000
54120.000000
54094.000000
54106.000000
54071.000000
54111.000000
54120.000000
54134.000000
54160.000000
54180.000000
54196.000000
54201.000000
54210.000000
54231.000000
54240.000000
54243.000000
54246.000000
54287.000000
54295.000000
54311.000000
54343.000000
54335.000000
54345.000000
54360.000000
54363.000000
54361.000000
54369.000000
54369.000000
54386.000000
54375.000000
54357.000000
54397.000000
54378.000000
54353.000000
54323.000000
54286.000000
54245.000000
54177.000000
54144.000000
54101.000000
54058.000000
54035.000000
54034.000000
54044.000000
54052.000000
54072.000000
54092.000000
54106.000000
54130.000000
54132.000000
54145.000000
54167.000000
54209.000000
54257.000000
54303.000000
54337.000000
54365.000000
54327.000000
54306.000000
54268.000000
54263.000000
54215.000000
54198.000000
54164.000000
54170.000000
54153.000000
54171.000000
54190.000000
54196.000000
54211.000000
54229.000000
54253.000000
54257.000000
54264.000000
54288.000000
54315.000000
54318.000000
54343.000000
54365.000000
54392.000000
54419.000000
54393.000000
54401.000000
54418.000000
54414.000000
54466.000000
54471.000000
54481.000000
54460.000000
54479.000000
54477.000000
54509.000000
54511.000000
54539.000000
54510.000000
54479.000000
54430.000000
54377.000000
54327.000000
54272.000000
54204.000000
54151.000000
54125.000000
54082.000000
54089.000000
54066.000000
54081.000000
54074.000000
54105.000000
54118.000000
54143.000000
54175.000000
54208.000000
54223.000000
54267.000000
54316.000000
54340.000000
54361.000000
54377.000000
54390.000000
54347.000000
54359.000000
54341.000000
54302.000000
54292.000000
54249.000000
54271.000000
54245.000000
54268.000000
54242.000000
54270.000000
54263.000000
54278.000000
54291.000000
54301.000000
54337.000000
54319.000000
54342.000000
54352.000000
54381.000000
54436.000000
54452.000000
54491.000000
54501.000000
54483.000000
54506.000000
54510.000000
54506.000000
54508.000000
54503.000000
54500.000000
54510.000000
54514.000000
54507.000000
54516.000000
54497.000000
54471.000000
54446.000000
54373.000000
54317.000000
54272.000000
54195.000000
54146.000000
54100.000000
54007.000000
53997.000000
53969.000000
53959.000000
53970.000000
53969.000000
53989.000000
54020.000000
54034.000000
54040.000000
54075.000000
54110.000000
54181.000000
54214.000000
54244.000000
54238.000000
54228.000000
54229.000000
54197.000000
54194.000000
54166.000000
54131.000000
54102.000000
54105.000000
54117.000000
54135.000000
54118.000000
54116.000000
54127.000000
54164.000000
54193.000000
54198.000000
54210.000000
54246.000000
54251.000000
54259.000000
54285.000000
54290.000000
54315.000000
54320.000000
54331.000000
54316.000000
54343.000000
54362.000000
54341.000000
54359.000000
54389.000000
54365.000000
54362.000000
54369.000000
54388.000000
54377.000000
54387.000000
54371.000000
54338.000000
54306.000000
54250.000000
54184.000000
54105.000000
54050.000000
53974.000000
53965.000000
53945.000000
53941.000000
53941.000000
53948.000000
53951.000000
53990.000000
53996.000000
54024.000000
54045.000000
54047.000000
54127.000000
54158.000000
54184.000000
54193.000000
54209.000000
54195.000000
54183.000000
54147.000000
54130.000000
54079.000000
54063.000000
54054.000000
54039.000000
54070.000000
54059.000000
54059.000000
54055.000000
54085.000000
54088.000000
54091.000000
54106.000000
54123.000000
54114.000000
54146.000000
54153.000000
54190.000000
54207.000000
54222.000000
54242.000000
54251.000000
54259.000000
54274.000000
54289.000000
54265.000000
54267.000000
54283.000000
54262.000000
54282.000000
54277.000000
54294.000000
54299.000000
54299.000000
54271.000000
54249.000000
54190.000000
54132.000000
54085.000000
54037.000000
53979.000000
53950.000000
53927.000000
53915.000000
53913.000000
53927.000000
53913.000000
53946.000000
53953.000000
53976.000000
54007.000000
54039.000000
54073.000000
54136.000000
54188.000000
54203.000000
54219.000000
54209.000000
54181.000000
54134.000000
54123.000000
54092.000000
54055.000000
54047.000000
54020.000000
54018.000000
54013.000000
54016.000000
54040.000000
54057.000000
54079.000000
54104.000000
54105.000000
54123.000000
54146.000000
54179.000000
54191.000000
54212.000000
54214.000000
54230.000000
54241.000000
54265.000000
54279.000000
54277.000000
54283.000000
54300.000000
54323.000000
54328.000000
54311.000000
54323.000000
54330.000000
54340.000000
54329.000000
54353.000000
54328.000000
54310.000000
54270.000000
54219.000000
54152.000000
54098.000000
54029.000000
53999.000000
53945.000000
53917.000000
53914.000000
53911.000000
53937.000000
53922.000000
53937.000000
53947.000000
53972.000000
53984.000000
54012.000000
54024.000000
54085.000000
54108.000000
54143.000000
54152.000000
54179.000000
54167.000000
54121.000000
54114.000000
54075.000000
54065.000000
54034.000000
54038.000000
54045.000000
54043.000000
54039.000000
54070.000000
54083.000000
54131.000000
54135.000000
54138.000000
54177.000000
54224.000000
54212.000000
54210.000000
54204.000000
54185.000000
54193.000000
54198.000000
54189.000000
54196.000000
54228.000000
54222.000000
54240.000000
54256.000000
54273.000000
54279.000000
54293.000000
54276.000000
54287.000000
54282.000000
54309.000000
54295.000000
54308.000000
54278.000000
54241.000000
54181.000000
54122.000000
54077.000000
53989.000000
53942.000000
53914.000000
53885.000000
53844.000000
53886.000000
53885.000000
53886.000000
53893.000000
53916.000000
53946.000000
53949.000000
54010.000000
54046.000000
54079.000000
54119.000000
54154.000000
54177.000000
54195.000000
54181.000000
54143.000000
54118.000000
54078.000000
54064.000000
54045.000000
54027.000000
54013.000000
54048.000000
54036.000000
54055.000000
54061.000000
54071.000000
54086.000000
54094.000000
54095.000000
54118.000000
54136.000000
54147.000000
54156.000000
54156.000000
54195.000000
54207.000000
54211.000000
54195.000000
54215.000000
54227.000000
54246.000000
54233.000000
54233.000000
54248.000000
54240.000000
54278.000000
54274.000000
54281.000000
54274.000000
54281.000000
54277.000000
54293.000000
54290.000000
54265.000000
54214.000000
54161.000000
54138.000000
54074.000000
54034.000000
53983.000000
53932.000000
53925.000000
53888.000000
53881.000000
53886.000000
53913.000000
53910.000000
53945.000000
53972.000000
53981.000000
54008.000000
54017.000000
54049.000000
54087.000000
54095.000000
54106.000000
54097.000000
54117.000000
54093.000000
54058.000000
54021.000000
54030.000000
54002.000000
53989.000000
54002.000000
53974.000000
53986.000000
54006.000000
54009.000000
54016.000000
54040.000000
54068.000000
54070.000000
54078.000000
54075.000000
54099.000000
54119.000000
54135.000000
54151.000000
54179.000000
54169.000000
54163.000000
54179.000000
54158.000000
54168.000000
54165.000000
54169.000000
54192.000000
54173.000000
54188.000000
54179.000000
54206.000000
54213.000000
54204.000000
54208.000000
54221.000000
54235.000000
54265.000000
54258.000000
54283.000000
54233.000000
54217.000000
54165.000000
54151.000000
54092.000000
54030.000000
53995.000000
53962.000000
53933.000000
53933.000000
53952.000000
53957.000000
53979.000000
54014.000000
54007.000000
54040.000000
54060.000000
54068.000000
54110.000000
54135.000000
54176.000000
54193.000000
54201.000000
54169.000000
54153.000000
54151.000000
54102.000000
54102.000000
54082.000000
54079.000000
54052.000000
54061.000000
54077.000000
54065.000000
54076.000000
54084.000000
54101.000000
54108.000000
54124.000000
54153.000000
54181.000000
54184.000000
54216.000000
54252.000000
54275.000000
54284.000000
54281.000000
54280.000000
54283.000000
54268.000000
54278.000000
54257.000000
54273.000000
54277.000000
54285.000000
54294.000000
54311.000000
54321.000000
54315.000000
54330.000000
54318.000000
54330.000000
54317.000000
54361.000000
54355.000000
54352.000000
54347.000000
54330.000000
54220.000000
54185.000000
54144.000000
54112.000000
54091.000000
54066.000000
54047.000000
54049.000000
54042.000000
54036.000000
54053.000000
54071.000000
54116.000000
54127.000000
54139.000000
54165.000000
54194.000000
54225.000000
54262.000000
54296.000000
54312.000000
54330.000000
54311.000000
54291.000000
54256.000000
54224.000000
54214.000000
54201.000000
54158.000000
54166.000000
54197.000000
54197.000000
54183.000000
54199.000000
54202.000000
54204.000000
54227.000000
54251.000000
54261.000000
54242.000000
54265.000000
54281.000000
54315.000000
54326.000000
54318.000000
54325.000000
54356.000000
54361.000000
54345.000000
54366.000000
54361.000000
54372.000000
54372.000000
54378.000000
54371.000000
54368.000000
54372.000000
54391.000000
54373.000000
54390.000000
54414.000000
54411.000000
54422.000000
54419.000000
54444.000000
54436.000000
54407.000000
54391.000000
54333.000000
54272.000000
54235.000000
54192.000000
54178.000000
54169.000000
54166.000000
54183.000000
54176.000000
54197.000000
54194.000000
54203.000000
54224.000000
54223.000000
54256.000000
54290.000000
54293.000000
54345.000000
54350.000000
54355.000000
54358.000000
54340.000000
54334.000000
54309.000000
54294.000000
54282.000000
54254.000000
54222.000000
54186.000000
54204.000000
54215.000000
54210.000000
54224.000000
54226.000000
54243.000000
54261.000000
54266.000000
54293.000000
54275.000000
54310.000000
54306.000000
54341.000000
54344.000000
54330.000000
54323.000000
54348.000000
54367.000000
54378.000000
54371.000000
54363.000000
54368.000000
54383.000000
54375.000000
54376.000000
54386.000000
54372.000000
54373.000000
54374.000000
54359.000000
54384.000000
54376.000000
54385.000000
54405.000000
54401.000000
54378.000000
54348.000000
54296.000000
54246.000000
54209.000000
54152.000000
54119.000000
54084.000000
54084.000000
54078.000000
54071.000000
54112.000000
54118.000000
54132.000000
54164.000000
54164.000000
54203.000000
54224.000000
54235.000000
54263.000000
54298.000000
54313.000000
54323.000000
54356.000000
54360.000000
54326.000000
54279.000000
54252.000000
54207.000000
54200.000000
54186.000000
54180.000000
54172.000000
54171.000000
54180.000000
54200.000000
54237.000000
54251.000000
54249.000000
54259.000000
54277.000000
54280.000000
54300.000000
54334.000000
54332.000000
54343.000000
54340.000000
54362.000000
54361.000000
54376.000000
54374.000000
54386.000000
54384.000000
54399.000000
54391.000000
54396.000000
54403.000000
54382.000000
54400.000000
54414.000000
54396.000000
54399.000000
54391.000000
54416.000000
54409.000000
54393.000000
54338.000000
54301.000000
54249.000000
54223.000000
54200.000000
54168.000000
54141.000000
54149.000000
54158.000000
54145.000000
54176.000000
54193.000000
54211.000000
54244.000000
54278.000000
54271.000000
54298.000000
54316.000000
54355.000000
54371.000000
54398.000000
54408.000000
54403.000000
54397.000000
54359.000000
54326.000000
54320.000000
54286.000000
54297.000000
54263.000000
54271.000000
54283.000000
54316.000000
54308.000000
54332.000000
54341.000000
54338.000000
54376.000000
54382.000000
54400.000000
54404.000000
54413.000000
54431.000000
54450.000000
54464.000000
54457.000000
54465.000000
54465.000000
54461.000000
54478.000000
54506.000000
54505.000000
54517.000000
54516.000000
54510.000000
54517.000000
54522.000000
54519.000000
54511.000000
54488.000000
54501.000000
54463.000000
54457.000000
54425.000000
54378.000000
54310.000000
54253.000000
54203.000000
54151.000000
54136.000000
54148.000000
54165.000000
54177.000000
54180.000000
54209.000000
54212.000000
54224.000000
54255.000000
54267.000000
54280.000000
54301.000000
54357.000000
54377.000000
54399.000000
54407.000000
54395.000000
54375.000000
54337.000000
54304.000000
54281.000000
54235.000000
54210.000000
54185.000000
54197.000000
54180.000000
54191.000000
54175.000000
54180.000000
54193.000000
54225.000000
54248.000000
54256.000000
54280.000000
54315.000000
54318.000000
54354.000000
54350.000000
54350.000000
54365.000000
54383.000000
54382.000000
54409.000000
54407.000000
54413.000000
54409.000000
54420.000000
54408.000000
54422.000000
54428.000000
54417.000000
54405.000000
54403.000000
54414.000000
54404.000000
54326.000000
54305.000000
54220.000000
54181.000000
54083.000000
54048.000000
54002.000000
54002.000000
53998.000000
54012.000000
54031.000000
54051.000000
54059.000000
54058.000000
54080.000000
54104.000000
54096.000000
54176.000000
54196.000000
54216.000000
54255.000000
54279.000000
54296.000000
54282.000000
54261.000000
54214.000000
54196.000000
54179.000000
54152.000000
54120.000000
54099.000000
54105.000000
54073.000000
54113.000000
54091.000000
54112.000000
54159.000000
54132.000000
54161.000000
54152.000000
54198.000000
54228.000000
54232.000000
54215.000000
54255.000000
54278.000000
54278.000000
54273.000000
54283.000000
54295.000000
54289.000000
54303.000000
54319.000000
54308.000000
54303.000000
54318.000000
54296.000000
54325.000000
54302.000000
54278.000000
54208.000000
54158.000000
54107.000000
54042.000000
53988.000000
53958.000000
53919.000000
53920.000000
53940.000000
53936.000000
53957.000000
53955.000000
54004.000000
54021.000000
54004.000000
54032.000000
54056.000000
54088.000000
54153.000000
54164.000000
54197.000000
54231.000000
54224.000000
54229.000000
54200.000000
54153.000000
54137.000000
54090.000000
54075.000000
54056.000000
54034.000000
54031.000000
54032.000000
54044.000000
54068.000000
54066.000000
54077.000000
54103.000000
54133.000000
54140.000000
54141.000000
54156.000000
54176.000000
54200.000000
54212.000000
54236.000000
54231.000000
54246.000000
54241.000000
54262.000000
54257.000000
54256.000000
54256.000000
54285.000000
54274.000000
54319.000000
54303.000000
54269.000000
54212.000000
54166.000000
54092.000000
54026.000000
53981.000000
53914.000000
53893.000000
53896.000000
53881.000000
53877.000000
53873.000000
53887.000000
53905.000000
53910.000000
53934.000000
53922.000000
53969.000000
53969.000000
54009.000000
54027.000000
54053.000000
54098.000000
54135.000000
54099.000000
54048.000000
54020.000000
53977.000000
53939.000000
53889.000000
53855.000000
53847.000000
53835.000000
53881.000000
53888.000000
53938.000000
53937.000000
53973.000000
53966.000000
53998.000000
54011.000000
54040.000000
54063.000000
54067.000000
54076.000000
54098.000000
54149.000000
54151.000000
54156.000000
54165.000000
54148.000000
54157.000000
54132.000000
54104.000000
54095.000000
54085.000000
54063.000000
54075.000000
54055.000000
54015.000000
53981.000000
53954.000000
53903.000000
53846.000000
53801.000000
53777.000000
53710.000000
53700.000000
53669.000000
53638.000000
53632.000000
53635.000000
53653.000000
53687.000000
53677.000000
53699.000000
53717.000000
53717.000000
53730.000000
53753.000000
53756.000000
53788.000000
53769.000000
53747.000000
53706.000000
53712.000000
53669.000000
53664.000000
