38811
38981
39086
39089
39126
39180
39263
39348
39410
39471
39480
39508
38976
38337
38385
38550
38759
38748
38596
38603
38702
38831
38913
38921
38960
38993
39063
39164
39231
39281
39306
39317
39098
38285
38309
38543
38789
38850
38631
38531
38663
38776
38827
38860
38860
38866
38913
38965
39027
39121
39210
38553
38212
38259
38394
38598
38545
38295
38334
38481
38633
38721
38755
38784
38804
38856
38907
38977
38933
38116
37935
38081
38294
38529
38388
38190
38276
38456
38596
38675
38690
38722
38753
38801
38868
38919
38449
37908
37988
38207
38452
38514
38295
38312
38436
38573
38660
38695
38716
38706
38732
38771
38808
38349
37882
38057
38330
38515
38492
38312
38375
38520
38609
38502
38424
38439
38485
38535
38574
38336
37818
37839
38092
38283
38317
38159
38128
38231
38369
38425
38464
38479
38492
38501
38555
38310
37702
37684
37903
38148
38240
38112
38056
38153
38257
38325
38364
38389
38400
38408
38437
38336
37672
37692
37944
38125
38208
38088
38101
38171
38267
38328
38355
38387
38394
38418
38436
38152
37696
37795
38017
38210
38189
38018
38009
38144
38227
38283
38330
38335
38330
38338
37817
37521
37657
37879
38095
38031
37865
37911
38054
38153
38211
38260
38253
38284
38254
37656
37372
37528
37766
37940
37814
37695
37768
37954
38040
38090
38113
38101
38145
38087
37521
37295
37447
37666
37870
37717
37645
37738
37865
37984
38044
38074
38079
38127
38137
37660
37460
37637
37881
38018
37899
37798
37880
38013
38114
38150
38167
38182
38226
38077
37630
37638
37821
38030
38094
37886
37892
37999
38115
38143
38175
38195
38199
37924
37547
37609
37789
38015
37901
37725
37751
37869
37997
38016
38044
38043
38004
37456
37293
37415
37658
37802
37636
37582
37688
37803
37872
37888
37872
37868
37925
37814
37208
37074
37223
37390
37536
37385
37338
37439
37552
37650
37656
37662
37687
37737
37780
37828
37909
37740
37063
36957
37050
37173
37306
37170
37143
37248
37350
37436
37478
37503
37527
37566
37644
37703
37742
37771
37802
37831
37409
36937
36968
37058
37179
37203
37076
37085
37224
37356
37424
37441
37447
37490
37565
37623
37692
37739
37772
37815
37203
36978
37077
37247
37421
37426
37241
37299
37412
37554
37611
37642
37669
37706
37737
37792
37860
37904
37841
37348
37249
37416
37642
37809
37610
37568
37643
37771
37859
37900
37943
37941
37922
37954
38002
37879
37424
37360
37505
37762
37860
37706
37634
37735
37832
37910
37955
37972
37977
38015
38042
37891
37452
37426
37591
37782
37871
37716
37651
37743
37847
37915
37939
37945
37952
38000
37797
37334
37287
37396
37550
37700
37576
37494
37565
37678
37782
37861
37865
37881
37898
37544
37212
37266
37391
37552
37618
37512
37474
37598
37714
37792
37847
37864
37884
37615
37218
37240
37380
37560
37688
37560
37533
37603
37727
37810
37856
37896
37917
37745
37322
37283
37438
37687
37793
37648
37582
37644
37749
37874
37907
37909
37953
37856
37421
37345
37509
37753
37871
37740
37645
37729
37813
37904
37962
37986
37994
37767
37409
37407
37592
37830
37939
37748
37715
37788
37870
37964
37993
38042
37988
37591
37427
37547
37791
37983
37882
37769
37801
37894
37975
38055
38090
38039
37562
37413
37549
37831
37964
37844
37752
37754
37885
37968
38026
38062
37899
37465
37414
37596
37819
37915
37772
37685
37781
37851
37941
37979
38007
37760
37356
37394
37607
37828
37856
37689
37656
37764
37849
37923
37959
37965
37540
37331
37437
37655
37838
37783
37627
37644
37770
37860
37914
37944
37857
37395
37277
37415
37639
37779
37644
37564
37637
37744
37825
37869
37907
37701
37281
37225
37387
37613
37717
37546
37522
37605
37724
37813
37864
37878
37586
37265
37268
37444
37689
37687
37523
37526
37606
37735
37820
37865
37852
37478
37216
37295
37540
37730
37660
37513
37553
37663
37784
37829
37847
37808
37349
37152
37273
37487
37654
37522
37397
37446
37596
37688
37760
37797
37760
37321
37162
37309
37554
37723
37583
37459
37535
37643
37740
37789
37842
37734
37247
37213
37386
37662
37753
37562
37481
37545
37654
37747
37792
37798
37353
37061
37137
37330
37561
37505
37349
37377
37498
37579
37643
37687
37678
37265
36953
36977
37127
37361
37326
37193
37203
37325
37438
37536
37560
37567
37588
37305
36870
36871
36969
37146
37191
37084
37080
37244
37363
37454
37472
37464
37498
37564
37581
37190
36793
36771
36851
37036
37028
36896
36916
37047
37166
37283
37328
37349
37380
37444
37496
37552
37599
37337
36814
36815
36958
37204
37274
37098
37055
37155
37282
37365
37403
37400
37394
37405
37434
37528
37604
37625
37147
36887
37018
37232
37384
37315
37169
37190
37294
37420
37481
37485
37507
37529
37566
37552
39309
32768
794
138
43
0
2
