42.000000
25.000000
28.000000
31.000000
29.000000
20.000000
25.000000
25.000000
26.000000
24.000000
20.000000
20.000000
18.000000
23.000000
22.000000
17.000000
20.000000
26.000000
22.000000
25.000000
34.000000
35.000000
30.000000
24.000000
39.000000
38.000000
29.000000
28.000000
43.000000
41.000000
41.000000
42.000000
41.000000
47.000000
41.000000
43.000000
52.000000
70.000000
129.000000
258.000000
519.000000
1069.000000
2528.000000
5705.000000
12954.000000
16214.000000
20691.000000
22321.000000
43886.000000
42633.000000
49065.000000
48459.000000
47341.000000
46813.000000
46337.000000
46022.000000
45935.000000
45684.000000
45587.000000
45515.000000
45468.000000
45382.000000
45252.000000
45171.000000
45087.000000
45103.000000
45030.000000
44995.000000
44917.000000
44853.000000
44704.000000
44664.000000
44708.000000
44721.000000
44732.000000
44670.000000
44674.000000
44668.000000
44632.000000
44613.000000
44603.000000
44583.000000
44546.000000
44389.000000
44364.000000
44406.000000
44395.000000
44403.000000
44308.000000
44334.000000
44396.000000
44377.000000
44407.000000
44362.000000
44346.000000
44349.000000
44203.000000
44173.000000
44217.000000
44294.000000
44259.000000
44263.000000
44265.000000
44291.000000
44321.000000
44288.000000
44308.000000
44362.000000
44356.000000
44263.000000
44100.000000
44162.000000
44234.000000
44245.000000
44196.000000
44163.000000
44215.000000
44254.000000
44233.000000
44228.000000
44204.000000
44219.000000
44169.000000
43995.000000
43919.000000
43973.000000
44007.000000
44080.000000
44020.000000
44051.000000
44058.000000
44118.000000
44108.000000
44075.000000
44071.000000
44060.000000
44084.000000
44054.000000
43821.000000
43732.000000
43829.000000
43845.000000
43844.000000
43787.000000
43779.000000
43863.000000
43824.000000
43835.000000
43851.000000
43877.000000
43866.000000
43889.000000
43906.000000
43863.000000
43652.000000
43643.000000
43730.000000
43780.000000
43773.000000
43720.000000
43742.000000
43802.000000
43865.000000
43835.000000
43830.000000
43879.000000
43844.000000
43869.000000
43895.000000
43902.000000
43773.000000
43602.000000
43639.000000
43744.000000
43765.000000
43744.000000
43676.000000
43720.000000
43780.000000
43766.000000
43724.000000
43737.000000
43737.000000
43746.000000
43765.000000
43802.000000
43727.000000
43562.000000
43536.000000
43616.000000
43623.000000
43595.000000
43530.000000
43513.000000
43543.000000
43553.000000
43534.000000
43539.000000
43548.000000
43575.000000
43618.000000
43616.000000
43554.000000
43425.000000
43442.000000
43490.000000
43515.000000
43528.000000
43446.000000
43423.000000
43480.000000
43507.000000
43506.000000
43476.000000
43489.000000
43576.000000
43587.000000
43642.000000
43565.000000
43401.000000
43438.000000
43509.000000
43571.000000
43491.000000
43475.000000
43502.000000
43543.000000
43515.000000
43510.000000
43489.000000
43448.000000
43446.000000
43467.000000
43431.000000
43297.000000
43304.000000
43352.000000
43391.000000
43369.000000
43345.000000
43339.000000
43386.000000
43430.000000
43465.000000
43446.000000
43484.000000
43479.000000
43474.000000
43352.000000
43288.000000
43323.000000
43368.000000
43403.000000
43350.000000
43351.000000
43419.000000
43417.000000
43420.000000
43439.000000
43417.000000
43444.000000
43460.000000
43321.000000
43266.000000
43310.000000
43353.000000
43370.000000
43331.000000
43313.000000
43311.000000
43340.000000
43320.000000
43305.000000
43286.000000
43306.000000
43244.000000
43059.000000
42991.000000
43028.000000
43062.000000
42996.000000
42926.000000
42928.000000
42959.000000
43005.000000
43070.000000
43061.000000
43092.000000
43070.000000
43098.000000
43051.000000
42973.000000
43107.000000
43459.000000
43711.000000
44092.000000
44491.000000
45001.000000
45498.000000
45654.000000
45757.000000
45860.000000
45986.000000
46239.000000
46224.000000
46175.000000
46441.000000
46485.000000
46496.000000
46270.000000
46183.000000
46040.000000
46114.000000
46358.000000
46325.000000
46203.000000
46213.000000
46003.000000
45467.000000
45222.000000
45106.000000
45056.000000
44754.000000
44735.000000
44348.000000
44000.000000
43495.000000
42912.000000
42423.000000
42140.000000
41995.000000
41994.000000
41977.000000
41952.000000
41897.000000
41948.000000
41995.000000
42040.000000
42030.000000
41980.000000
42038.000000
42185.000000
42473.000000
42496.000000
42450.000000
42474.000000
42483.000000
42482.000000
42449.000000
42267.000000
42185.000000
42184.000000
42127.000000
42060.000000
41953.000000
41857.000000
41865.000000
41824.000000
41792.000000
41757.000000
41733.000000
41716.000000
41710.000000
41678.000000
41548.000000
41479.000000
41508.000000
41514.000000
41528.000000
41458.000000
41435.000000
41450.000000
41458.000000
41440.000000
41428.000000
41398.000000
41401.000000
41395.000000
41392.000000
41304.000000
41220.000000
41231.000000
41253.000000
41259.000000
41199.000000
41188.000000
41189.000000
41212.000000
41229.000000
41235.000000
41208.000000
41217.000000
41227.000000
41243.000000
41234.000000
41131.000000
41127.000000
41169.000000
41199.000000
41187.000000
41161.000000
41173.000000
41223.000000
41222.000000
41239.000000
41219.000000
41208.000000
41202.000000
41215.000000
41209.000000
41075.000000
41030.000000
41040.000000
41075.000000
41073.000000
41010.000000
40987.000000
41012.000000
41043.000000
41027.000000
41013.000000
40993.000000
41007.000000
41010.000000
41031.000000
40891.000000
40853.000000
40887.000000
40906.000000
40901.000000
40881.000000
40877.000000
40900.000000
40920.000000
40931.000000
40913.000000
40910.000000
40905.000000
40919.000000
40857.000000
40763.000000
40787.000000
40821.000000
40863.000000
40837.000000
40821.000000
40858.000000
40892.000000
40935.000000
40931.000000
40925.000000
40938.000000
40965.000000
40980.000000
40868.000000
40861.000000
40915.000000
40939.000000
40960.000000
40911.000000
40921.000000
40967.000000
41017.000000
41015.000000
40972.000000
40983.000000
40965.000000
40949.000000
40815.000000
40790.000000
40824.000000
40863.000000
40839.000000
40776.000000
40790.000000
40834.000000
40878.000000
40854.000000
40839.000000
40823.000000
40836.000000
40817.000000
40701.000000
40724.000000
40760.000000
40801.000000
40766.000000
40725.000000
40757.000000
40786.000000
40821.000000
40804.000000
40806.000000
40794.000000
40802.000000
40706.000000
40673.000000
40705.000000
40727.000000
40746.000000
40711.000000
40689.000000
40732.000000
40772.000000
40790.000000
40773.000000
40784.000000
40773.000000
40743.000000
40664.000000
40699.000000
40751.000000
40791.000000
40749.000000
40726.000000
40759.000000
40843.000000
40847.000000
40820.000000
40846.000000
40834.000000
40824.000000
40721.000000
40654.000000
40699.000000
40727.000000
40721.000000
40654.000000
40659.000000
40706.000000
40714.000000
40726.000000
40693.000000
40708.000000
40708.000000
40687.000000
40563.000000
40561.000000
40609.000000
40643.000000
40639.000000
40584.000000
40591.000000
40627.000000
40626.000000
40669.000000
40651.000000
40644.000000
40659.000000
40662.000000
40582.000000
40523.000000
40535.000000
40554.000000
40568.000000
40536.000000
40497.000000
40536.000000
40587.000000
40609.000000
40589.000000
40576.000000
40582.000000
40606.000000
40614.000000
40624.000000
40496.000000
40455.000000
40539.000000
40559.000000
40584.000000
40559.000000
40590.000000
40631.000000
40684.000000
40706.000000
40694.000000
40698.000000
40770.000000
40775.000000
40786.000000
40896.000000
42239.000000
49152.000000
22889.000000
30531.000000
46002.000000
52500.000000
49982.000000
49135.000000
48513.000000
47957.000000
47491.000000
47178.000000
46930.000000
46715.000000
46545.000000
46396.000000
46174.000000
45920.000000
45776.000000
45716.000000
45615.000000
45546.000000
45455.000000
45399.000000
45371.000000
45339.000000
45291.000000
45242.000000
45185.000000
45152.000000
45126.000000
45068.000000
45048.000000
44901.000000
44823.000000
44828.000000
44860.000000
44921.000000
44955.000000
44956.000000
45020.000000
45094.000000
45103.000000
45104.000000
45114.000000
45088.000000
45121.000000
45139.000000
45123.000000
45127.000000
44950.000000
44900.000000
44933.000000
44886.000000
44854.000000
44809.000000
44758.000000
44780.000000
44756.000000
44734.000000
44685.000000
44667.000000
44632.000000
44624.000000
44609.000000
44540.000000
44390.000000
44389.000000
44406.000000
44385.000000
44358.000000
44314.000000
44319.000000
44371.000000
44394.000000
44378.000000
44357.000000
44348.000000
44330.000000
44337.000000
44277.000000
44141.000000
44118.000000
44175.000000
44154.000000
44127.000000
44073.000000
44100.000000
44081.000000
44046.000000
44026.000000
44020.000000
44015.000000
43997.000000
43962.000000
43842.000000
43796.000000
43843.000000
43879.000000
43891.000000
43849.000000
43878.000000
43929.000000
43955.000000
43960.000000
43932.000000
43919.000000
43941.000000
43887.000000
43790.000000
43809.000000
43844.000000
43837.000000
43805.000000
43771.000000
43783.000000
43830.000000
43810.000000
43813.000000
43818.000000
43832.000000
43840.000000
43748.000000
43708.000000
43741.000000
43744.000000
43736.000000
43675.000000
43681.000000
43727.000000
43723.000000
43704.000000
43691.000000
43693.000000
43684.000000
43598.000000
43546.000000
43585.000000
43616.000000
43631.000000
43624.000000
43616.000000
43659.000000
43672.000000
43698.000000
43666.000000
43681.000000
43720.000000
43703.000000
43631.000000
43571.000000
43580.000000
43583.000000
43604.000000
43576.000000
43563.000000
43596.000000
43607.000000
43600.000000
43605.000000
43615.000000
43583.000000
43594.000000
43601.000000
43470.000000
43447.000000
43479.000000
43493.000000
43513.000000
43483.000000
43499.000000
43539.000000
43600.000000
43629.000000
43627.000000
43631.000000
43609.000000
43629.000000
43652.000000
43606.000000
43508.000000
43483.000000
43503.000000
43527.000000
43512.000000
43465.000000
43486.000000
43504.000000
43535.000000
43535.000000
43528.000000
43543.000000
43567.000000
43585.000000
43614.000000
43576.000000
43453.000000
43450.000000
43480.000000
43486.000000
43489.000000
43434.000000
43423.000000
43462.000000
43455.000000
43455.000000
43479.000000
43490.000000
43484.000000
43438.000000
43403.000000
43300.000000
43140.000000
43032.000000
43008.000000
43026.000000
43034.000000
42957.000000
42964.000000
43036.000000
43128.000000
43206.000000
43264.000000
43255.000000
43295.000000
43247.000000
43188.000000
43108.000000
43033.000000
42957.000000
42960.000000
42996.000000
42988.000000
42900.000000
42853.000000
42813.000000
42844.000000
42840.000000
42827.000000
42868.000000
42849.000000
42845.000000
42882.000000
42771.000000
42745.000000
42821.000000
42870.000000
42895.000000
42856.000000
42784.000000
42838.000000
42862.000000
42896.000000
42932.000000
42937.000000
42940.000000
42986.000000
42946.000000
42855.000000
42850.000000
42881.000000
42906.000000
42886.000000
42859.000000
42867.000000
42911.000000
42907.000000
42899.000000
42884.000000
42897.000000
42890.000000
42777.000000
42753.000000
42777.000000
42788.000000
42778.000000
42734.000000
42680.000000
42695.000000
42769.000000
42776.000000
42777.000000
42780.000000
42760.000000
42655.000000
42597.000000
42667.000000
42694.000000
42694.000000
42651.000000
42614.000000
42660.000000
42703.000000
42779.000000
42790.000000
42789.000000
42767.000000
42756.000000
42805.000000
42839.000000
42856.000000
42809.000000
42754.000000
42791.000000
42827.000000
42834.000000
42853.000000
42828.000000
42798.000000
42693.000000
42733.000000
42762.000000
42800.000000
42740.000000
42709.000000
42702.000000
42747.000000
42748.000000
42765.000000
42773.000000
42707.000000
42632.000000
42659.000000
42698.000000
42737.000000
42702.000000
42637.000000
42667.000000
42700.000000
42735.000000
42762.000000
42758.000000
42690.000000
42587.000000
42619.000000
42658.000000
42696.000000
42666.000000
42619.000000
42633.000000
42648.000000
42667.000000
42686.000000
42695.000000
42621.000000
42564.000000
42599.000000
42643.000000
42675.000000
42644.000000
42606.000000
42663.000000
42695.000000
42708.000000
42710.000000
42693.000000
42617.000000
42579.000000
42591.000000
42645.000000
42672.000000
42632.000000
42615.000000
42645.000000
42664.000000
42707.000000
42724.000000
42727.000000
42692.000000
42597.000000
42625.000000
42666.000000
42705.000000
42690.000000
42638.000000
42658.000000
42689.000000
42717.000000
42710.000000
42727.000000
42685.000000
42617.000000
42589.000000
42625.000000
42668.000000
42684.000000
42626.000000
42633.000000
42661.000000
42714.000000
42743.000000
42711.000000
42737.000000
42651.000000
42599.000000
42599.000000
42632.000000
42672.000000
42628.000000
42595.000000
42637.000000
42654.000000
42690.000000
42687.000000
42676.000000
42666.000000
42566.000000
42553.000000
42548.000000
42623.000000
42609.000000
42547.000000
42560.000000
42573.000000
42599.000000
42616.000000
42594.000000
42596.000000
42558.000000
42491.000000
42503.000000
42521.000000
42554.000000
42559.000000
42502.000000
42514.000000
42543.000000
42558.000000
42557.000000
42536.000000
42553.000000
42477.000000
42423.000000
42430.000000
42453.000000
42503.000000
42490.000000
42477.000000
42498.000000
42520.000000
42550.000000
42561.000000
42521.000000
42536.000000
42504.000000
42445.000000
42430.000000
42469.000000
42499.000000
42474.000000
42442.000000
42460.000000
42503.000000
42506.000000
42498.000000
42522.000000
42524.000000
42510.000000
42415.000000
42426.000000
42466.000000
42502.000000
42484.000000
42472.000000
42499.000000
42548.000000
42595.000000
42552.000000
42559.000000
42548.000000
42521.000000
42425.000000
42353.000000
42338.000000
42357.000000
42281.000000
42239.000000
42262.000000
42282.000000
42254.000000
42173.000000
42161.000000
42129.000000
42144.000000
42181.000000
42168.000000
42159.000000
42155.000000
42080.000000
42088.000000
42107.000000
42125.000000
42123.000000
42127.000000
42138.000000
42135.000000
42137.000000
42164.000000
42181.000000
42185.000000
42133.000000
42016.000000
42017.000000
42052.000000
42082.000000
42068.000000
42062.000000
42087.000000
42116.000000
42137.000000
42154.000000
42146.000000
42171.000000
42208.000000
42207.000000
42231.000000
42156.000000
42088.000000
42099.000000
42143.000000
42158.000000
42146.000000
42106.000000
42123.000000
42142.000000
42174.000000
42176.000000
42153.000000
42154.000000
42176.000000
42195.000000
42193.000000
42086.000000
42062.000000
42076.000000
42099.000000
42123.000000
42090.000000
42079.000000
42131.000000
42120.000000
42140.000000
42146.000000
42133.000000
42160.000000
42171.000000
42188.000000
42196.000000
42189.000000
42098.000000
42060.000000
42082.000000
42098.000000
42134.000000
42105.000000
42075.000000
42096.000000
42142.000000
42133.000000
42134.000000
42141.000000
42138.000000
42146.000000
42171.000000
42195.000000
42191.000000
42077.000000
42051.000000
42084.000000
42122.000000
42124.000000
42127.000000
42121.000000
42154.000000
42174.000000
42182.000000
42164.000000
42174.000000
42173.000000
42192.000000
42204.000000
42218.000000
42131.000000
42072.000000
42107.000000
42130.000000
42146.000000
42171.000000
42121.000000
42125.000000
42173.000000
42186.000000
42196.000000
42191.000000
42192.000000
42196.000000
42228.000000
42210.000000
42103.000000
42074.000000
42118.000000
42137.000000
42148.000000
42133.000000
42125.000000
42122.000000
42161.000000
42175.000000
42198.000000
42177.000000
42198.000000
42187.000000
42194.000000
42100.000000
42068.000000
42111.000000
42163.000000
42170.000000
42143.000000
42124.000000
42163.000000
42187.000000
42197.000000
42242.000000
42366.000000
42649.000000
42736.000000
42558.000000
42568.000000
42574.000000
42600.000000
42547.000000
42522.000000
